376.908700,219.970700,17.000000,21.000000
380.500000,230.500000,17.000000,21.000000
380.500000,235.500000,20.015724,21.615724
379.992138,236.192138,20.015724,21.615724
378.992138,240.192138,20.015724,21.615724
378.992138,244.192138,20.015724,21.615724
378.992138,244.192138,20.015724,21.615724
378.992138,244.192138,20.015724,21.615724
382.992138,244.192138,21.222014,22.258486
381.388993,243.870757,21.222014,22.258486
381.388993,243.870757,22.101002,22.119119
384.949499,243.940441,22.101002,22.119119
384.949499,243.940441,22.056125,22.459844
387.971937,244.770078,22.056125,22.459844
387.971937,244.770078,22.038175,23.004500
385.980913,238.497750,22.038175,23.004500
381.980913,229.497750,22.038175,23.004500
380.980913,218.497750,22.038175,23.004500
380.980913,218.497750,22.427466,22.813996
379.786267,207.593002,22.186711,22.737795
380.906645,202.631103,22.486881,22.310842
384.756560,202.844579,23.015314,22.140061
388.492343,203.929969,23.647305,22.071749
389.176348,204.964126,23.647305,22.071749
389.176348,204.964126,23.479484,22.440896
391.260258,203.779552,23.479484,22.440896
395.260258,198.779552,23.003990,22.996920
397.498005,193.501540,23.222158,22.810964
402.388921,192.594518,23.730042,23.144948
408.134979,193.427526,24.366431,23.278541
408.816784,193.360729,25.067219,23.331979
410.466390,203.334011,25.067219,23.331979
416.466390,210.334011,25.067219,23.331979
421.466390,211.334011,25.067219,23.331979
420.466390,206.334011,24.901302,23.353353
414.549349,200.323323,24.901302,23.353353
414.549349,200.323323,24.401700,23.782520
414.799150,195.108740,23.781242,24.387422
414.109379,193.806289,23.781242,24.387422
410.109379,188.806289,23.781242,24.387422
404.109379,187.806289,23.781242,24.387422
400.109379,181.806289,23.781242,24.387422
400.109379,181.806289,23.781242,24.387422
394.109379,170.806289,23.124693,24.629383
388.437654,164.685308,22.465602,24.726168
385.767199,158.636916,22.465602,24.726168
385.767199,158.636916,22.598437,24.331646
390.700782,167.834177,22.598437,24.331646
391.700782,167.834177,22.598437,24.331646
394.700782,173.834177,22.598437,24.331646
398.700782,180.834177,22.598437,24.331646
401.700782,183.834177,22.598437,24.331646
404.700782,183.834177,22.651571,24.173837
409.674215,185.913081,22.672825,23.690097
409.663588,186.154952,23.089692,23.088235
415.455154,187.455883,23.089692,23.088235
425.455154,188.455883,23.089692,23.088235
432.455154,188.455883,23.677056,22.451018
439.161472,184.774491,24.345237,22.196132
444.827382,183.901934,25.058741,22.094177
444.470629,183.952911,25.803763,22.053395
446.098119,178.973302,26.575179,22.037083
445.712410,174.981459,27.371356,22.030557
445.314322,168.984721,27.202217,22.424419
443.398892,163.787790,27.202217,22.424419
435.398892,154.787790,27.202217,22.424419
434.398892,154.787790,27.202217,22.424419
429.398892,149.787790,27.622171,22.581964
425.188915,149.709018,27.302542,23.053348
424.348729,149.473326,26.701283,23.241901
422.649358,155.379049,26.701283,23.241901
419.649358,161.379049,26.001160,23.737939
418.999420,161.131030,25.274878,23.515738
416.362561,167.242131,25.274878,23.515738
412.362561,178.242131,25.274878,23.515738
411.362561,188.242131,24.551130,23.426857
409.724435,194.286571,24.694866,23.811922
409.652567,199.094039,24.319125,23.545331
409.840437,199.227335,24.168829,23.030328
409.915585,200.484836,23.688094,23.232693
407.155953,201.383653,23.916416,22.905274
402.041792,201.547363,23.587129,23.182671
396.206436,203.408664,23.587129,23.182671
390.206436,203.408664,23.047048,23.714248
389.476476,203.142876,22.434544,23.926878
384.782728,203.036561,22.189542,24.011930
380.905229,202.994035,22.488013,23.625334
377.755994,197.187333,22.210930,23.891313
377.894535,192.054344,22.100096,23.997704
377.949952,190.001148,22.100096,23.997704
377.949952,190.001148,22.055763,23.619644
377.972119,189.190178,22.038030,23.060054
377.980985,188.469973,22.038030,23.060054
381.980985,188.469973,22.038030,23.060054
386.980985,188.469973,22.030936,22.836218
391.984532,188.581891,22.424571,22.350212
391.787715,188.824894,22.990390,22.155809
395.504805,188.922095,22.990390,22.155809
399.504805,188.922095,22.990390,22.155809
401.504805,192.922095,22.808352,22.078048
405.595824,192.960976,22.808352,22.078048
406.595824,194.960976,22.808352,22.078048
408.595824,194.960976,22.808352,22.078048
413.595824,194.960976,22.808352,22.078048
412.595824,190.960976,22.808352,22.078048
411.595824,186.960976,22.808352,22.078048
412.595824,184.960976,22.808352,22.078048
417.595824,181.960976,22.808352,22.078048
417.595824,181.960976,22.808352,22.078048
412.595824,180.960976,22.808352,22.078048
404.595824,178.960976,22.808352,22.078048
395.595824,178.960976,22.808352,22.078048
401.595824,178.960976,22.808352,22.078048
398.595824,174.960976,22.808352,22.078048
397.595824,174.960976,22.808352,22.078048
391.595824,172.960976,22.808352,22.078048
390.595824,170.960976,22.808352,22.078048
384.595824,164.960976,22.808352,22.078048
379.595824,163.960976,22.808352,22.078048
379.595824,156.960976,22.808352,22.078048
380.595824,156.960976,22.808352,22.078048
380.595824,152.960976,22.808352,22.078048
388.595824,149.960976,22.808352,22.078048
394.595824,152.960976,22.808352,22.078048
394.595824,155.960976,22.808352,22.078048
390.595824,158.960976,22.808352,22.078048
391.595824,162.960976,22.808352,22.078048
392.595824,162.960976,22.808352,22.078048
396.595824,162.960976,22.808352,22.078048
396.595824,162.960976,22.808352,22.078048
395.595824,158.960976,22.808352,22.078048
391.595824,153.960976,22.808352,22.078048
391.595824,153.960976,22.808352,22.078048
386.595824,148.960976,22.808352,22.078048
381.595824,143.960976,22.808352,22.078048
376.595824,140.960976,22.808352,22.078048
370.595824,136.960976,22.808352,22.078048
362.595824,131.960976,22.339065,22.046944
360.830467,130.976528,22.151351,22.430974
351.924325,125.784513,22.076265,22.188114
341.961868,120.905943,22.442702,22.090970
351.778649,115.954515,22.442702,22.090970
349.778649,115.954515,22.442702,22.090970
340.778649,114.954515,22.442702,22.090970
336.778649,114.954515,22.442702,22.090970
326.778649,114.954515,22.442702,22.090970
316.778649,119.954515,22.442702,22.090970
321.778649,119.954515,22.442702,22.090970
328.778649,124.954515,22.997643,22.052112
324.501179,129.973944,22.811253,22.036569
323.594373,129.981715,23.145063,22.030352
319.427468,134.984824,22.870222,22.424337
315.564889,140.787831,22.363813,22.185459
310.818093,145.907270,22.363813,22.185459
304.818093,150.907270,22.161250,22.089908
299.919375,150.955046,22.161250,22.089908
298.919375,150.955046,22.161250,22.089908
293.919375,150.955046,22.161250,22.089908
288.919375,150.955046,22.476696,22.051688
282.761652,145.974156,22.206403,22.432871
275.896799,140.783564,22.494757,22.188873
274.752621,132.905564,23.018465,22.091274
267.490768,132.954363,23.648565,22.052234
259.175718,126.973883,23.648565,22.052234
254.175718,122.973883,23.648565,22.052234
248.175718,122.973883,24.333840,22.036618
241.833080,114.981691,25.054183,22.030372
236.472909,103.984814,25.342320,22.027873
233.328840,103.986063,25.917194,22.026874
227.041403,88.986563,26.620552,22.026474
219.689724,73.986763,26.428487,22.422786
212.785757,59.788607,25.892041,22.184839
207.053979,58.907581,26.137083,22.089660
201.931459,62.955170,26.708507,22.051588
201.645746,62.974206,27.424687,22.036360
201.287656,67.981820,28.213398,22.030268
200.893301,74.984866,29.046188,22.027832
194.476906,73.986084,28.861998,22.026857
190.569001,69.986571,29.305628,22.026467
184.347186,69.986766,29.305628,22.026467
183.347186,69.986766,30.015904,22.026311
179.992048,69.986844,30.848825,22.026249
173.575588,69.986876,30.633183,22.422696
170.683408,70.788652,30.014102,22.989640
166.992949,71.505180,29.766469,22.808052
160.116765,76.595974,29.766469,22.808052
157.116765,76.595974,29.667416,22.338945
146.166292,75.830527,29.667416,22.338945
138.166292,76.830527,29.627795,22.151303
132.186102,76.924349,29.627795,22.151303
126.186102,76.924349,29.627795,22.151303
118.186102,77.924349,29.627795,22.151303
113.186102,77.924349,30.144771,22.472717
107.927614,77.763641,30.144771,22.472717
100.927614,75.763641,30.144771,22.472717
94.927614,70.763641,30.144771,22.472717
93.927614,66.763641,30.144771,22.472717
96.927614,70.763641,30.144771,22.472717
100.927614,70.763641,30.144771,22.472717
100.927614,75.763641,30.144771,22.472717
100.927614,80.763641,30.900372,22.204811
100.549814,85.897594,30.653802,22.494121
100.673099,85.752940,31.103984,22.609844
100.448008,85.695078,31.103984,22.609844
100.448008,85.695078,31.103984,22.609844
100.448008,85.695078,31.849330,22.259662
99.075335,88.870169,31.849330,22.259662
98.075335,93.870169,32.729701,22.119589
91.635149,98.940205,32.499617,22.063560
91.750191,102.968220,32.499617,22.063560
90.750191,102.968220,32.499617,22.063560
89.750191,100.968220,32.499617,22.063560
88.750191,99.968220,32.499617,22.063560
87.750191,95.968220,32.499617,22.063560
89.750191,95.968220,31.842310,22.041149
90.078845,95.979426,31.842310,22.041149
90.078845,95.979426,31.842310,22.041149
90.078845,96.979426,31.842310,22.041149
89.078845,96.979426,32.144661,22.428656
91.927670,93.785672,32.144661,22.428656
91.927670,93.785672,32.144661,22.428656
92.927670,91.785672,32.144661,22.428656
92.927670,91.785672,32.144661,22.428656
92.927670,91.785672,32.144661,22.428656
92.927670,89.785672,32.144661,22.428656
93.927670,89.785672,32.847833,22.187187
94.576083,86.906407,32.847833,22.187187
94.576083,86.906407,32.847833,22.187187
94.576083,86.906407,32.847833,22.187187
95.576083,81.906407,32.847833,22.187187
96.576083,76.906407,32.847833,22.187187
96.576083,68.906407,32.847833,22.187187
