254.423700,43.078220,21.000000,21.000000
254.500000,54.500000,22.168360,22.168360
253.915820,49.915820,22.635704,22.635704
253.682148,50.682148,22.822642,22.822642
253.588679,59.588679,22.897417,22.897417
253.551292,53.551292,22.927327,22.927327
253.536337,58.536337,23.352342,22.939291
254.323829,62.530355,23.109297,22.944077
254.445352,58.527962,23.012079,22.945991
255.493961,66.527005,22.973192,22.946757
255.513404,64.526622,23.370688,22.947063
255.314656,67.526469,23.955128,22.947185
256.022436,71.526407,23.763462,22.947234
256.118269,62.526383,23.686796,22.947254
257.156602,71.526373,23.656129,22.947262
257.171935,74.526369,24.069305,22.947265
256.965347,64.526368,24.672781,22.947266
256.663610,74.526367,25.365523,23.360317
257.317238,75.319841,25.191268,23.950980
257.404366,64.024510,25.572918,23.761803
258.213541,77.119098,25.725578,23.686132
259.137211,73.156934,25.335290,24.081306
259.332355,61.959347,24.740969,23.813934
259.629515,76.093033,24.941447,23.293934
259.529277,67.353033,24.583432,23.085934
259.708284,58.457033,24.440226,23.002734
260.779887,72.498633,24.382944,22.969454
261.808528,62.515273,23.934589,23.369192
262.032706,56.315404,23.755246,23.116037
262.122377,66.441981,24.108952,23.014775
262.945524,51.492612,24.250434,22.974270
262.874783,59.512865,24.745233,22.958068
262.627384,57.520966,24.943152,22.951588
263.528424,48.524206,24.584114,22.948995
263.707943,56.525502,24.440499,22.947958
264.779751,50.526021,23.957611,22.947544
265.021195,46.526228,24.189898,22.947378
265.905051,51.526311,23.857370,22.947311
266.071315,44.526344,24.149801,22.947285
266.925099,46.526358,24.266774,22.947274
266.866613,44.526363,24.313563,22.947270
267.843219,41.526365,24.332278,22.947268
267.833861,50.526366,24.339765,22.947267
268.830118,41.526366,23.917317,22.947267
269.041342,43.526366,23.335287,22.947267
270.332357,51.526366,23.102475,22.947267
270.448763,39.526366,23.422401,22.947267
271.288800,52.526366,23.137321,22.947267
271.431340,45.526366,23.023288,22.947267
271.488356,42.526366,23.390726,22.947267
272.304637,57.526366,23.963144,22.947267
273.018428,47.526366,23.766669,22.947267
273.116666,44.526366,23.275028,22.947267
273.362486,60.526366,23.078371,22.947267
273.460814,48.526366,22.999709,22.947267
273.500146,51.526366,22.968244,22.947267
274.515878,63.526366,22.955658,22.947267
274.522171,50.526366,22.950623,22.947267
275.524688,55.526366,23.361660,22.947267
275.319170,65.526366,23.113024,22.947267
275.443488,54.526366,23.013570,22.947267
275.493215,60.526366,23.386839,22.947267
276.306581,68.526366,23.536147,22.947267
276.231927,58.526367,23.182819,22.947267
276.408591,64.526367,23.041488,22.947267
277.479256,67.526367,22.984955,22.947267
277.507522,60.526367,23.375393,22.947267
278.312303,68.526367,23.531568,22.947267
278.234216,65.526367,24.019481,22.947267
278.990260,62.526367,24.652851,22.947267
279.673574,70.526367,25.357551,22.947267
279.321224,63.526367,26.104323,22.947267
278.947838,65.526367,25.938140,22.947267
279.030930,69.526367,26.336559,22.947267
279.831720,60.526367,26.974766,22.947267
279.512617,64.526367,27.723253,22.947267
280.138374,67.526367,28.530648,22.947267
280.734676,57.526367,28.853606,22.947267
280.573197,66.526367,29.506030,22.947267
281.246985,64.526367,30.305937,22.947267
281.847032,53.526367,30.625899,22.947267
281.687050,63.526367,31.308990,22.947267
282.345505,60.526367,32.153986,22.947267
282.923007,50.526367,33.080895,22.947267
282.459552,63.526367,32.862748,22.947267
284.568626,54.526367,33.364400,22.947267
285.317800,46.526367,34.171640,22.947267
285.914180,61.526367,34.494536,22.947267
286.752732,50.526367,35.248471,22.947267
287.375764,46.526367,36.193565,22.947267
286.903218,56.526367,37.234427,22.947267
287.382786,41.526367,38.333483,22.947267
287.833259,50.526367,39.476296,22.947267
289.261852,49.526367,39.230230,22.947267
290.384885,40.526367,39.834995,22.947267
291.082503,49.526367,40.801188,22.947267
292.599406,45.526367,41.933681,22.947267
293.033160,41.526367,43.155074,22.947267
293.422463,47.526367,44.435080,22.947267
294.782460,41.526367,45.762273,22.947267
295.118863,41.526367,45.477959,22.947267
296.261020,42.526367,45.364234,22.947267
298.317883,39.526367,45.894534,22.947267
299.052733,46.526367,45.530864,22.947267
302.234568,39.526367,45.894534,22.947267
303.052733,40.526367,45.894534,22.947267
304.052733,46.526367,45.894534,22.947267
306.052733,36.526367,45.530864,22.947267
307.234568,46.526367,45.894534,22.947267
311.052733,41.526367,45.894534,22.947267
312.052733,36.526367,45.894534,22.947267
313.052733,49.526367,45.894534,22.947267
315.052733,40.526367,45.894534,22.947267
316.052733,37.526367,45.894534,22.947267
318.052733,51.526367,45.894534,22.947267
320.052733,40.526367,45.894534,22.947267
321.052733,42.526367,45.894534,22.947267
323.052733,49.526367,45.894534,22.947267
325.052733,40.526367,45.894534,22.947267
326.052733,54.526367,45.894534,22.947267
328.052733,51.526367,45.894534,22.947267
329.052733,44.526367,45.894534,22.947267
330.052733,58.526367,45.894534,22.947267
333.052733,54.526367,46.720636,23.360318
333.639682,51.319841,46.224975,23.112487
334.887513,61.443756,46.026710,23.013355
336.986645,57.493322,45.947405,22.973702
338.026298,58.513149,45.915682,22.957841
339.042159,66.521079,45.902993,22.951497
341.048503,60.524252,45.897918,22.948959
342.051041,63.525521,45.895887,22.947944
344.052056,67.526028,45.895075,22.947538
345.052462,62.526231,45.894751,22.947375
346.052625,69.526312,45.894621,22.947310
348.052690,68.526345,45.894569,22.947284
350.052716,64.526358,45.894548,22.947274
351.052726,72.526363,45.894540,22.947270
354.052730,63.526365,45.894536,22.947268
354.052732,69.526366,45.894535,22.947267
356.052733,70.526366,45.894534,22.947267
357.052733,60.526366,45.894534,22.947267
358.052733,69.526366,45.894534,22.947267
361.052733,66.526366,45.894534,22.947267
362.052733,57.526366,45.894534,22.947267
362.052733,68.526366,45.894534,22.947267
364.052733,61.526366,45.530864,23.360318
365.234568,53.319841,45.385395,23.525538
366.307302,66.237231,45.327208,23.178575
367.336396,50.410712,45.303933,23.039790
368.348033,58.480105,44.503175,23.397327
370.748412,59.301336,43.414476,23.965784
372.292762,43.017108,42.978996,23.767725
373.510502,54.116138,42.058788,23.688501
375.970606,50.155750,40.966418,24.082254
376.516791,37.958873,39.826279,23.814312
381.086861,51.092844,38.687513,24.132578
381.656243,40.933711,37.569182,24.698090
383.215409,32.650955,37.121849,24.486089
384.439076,46.756955,36.299396,23.975847
386.850302,32.012077,35.970415,24.197192
387.014792,32.901404,35.838823,23.860288
388.080589,42.069856,35.161409,23.312475
390.419295,27.343762,34.283865,23.093350
390.858068,33.453325,34.539426,23.005700
391.730287,36.497150,34.035072,22.970640
392.982464,26.514680,33.833330,22.956616
395.083335,33.521692,33.163721,23.364058
395.418139,32.317971,32.324119,23.952476
397.837940,26.023762,31.988278,24.626049
398.005861,33.686975,31.298836,24.457273
399.350582,30.771363,30.484122,24.827968
400.757939,28.586016,30.697173,24.976246
400.651413,35.511877,31.337500,25.035557
401.331250,32.482221,31.593630,25.059282
402.203185,34.470359,31.140977,24.630566
402.429512,38.684717,30.959916,24.459080
404.520042,37.770460,30.348553,24.828691
405.825723,39.585655,29.580768,24.538330
407.209616,43.730835,29.796894,24.422185
407.101553,41.788907,29.360105,23.950285
408.319948,49.024857,28.677388,24.186967
409.661306,50.906516,27.911097,24.719846
410.044451,48.640077,27.604581,25.384349
411.197709,57.307825,27.003135,25.650150
412.498432,50.174925,26.297665,26.221363
412.851168,53.889318,26.015477,26.449848
413.992262,61.775076,25.451250,26.076350
414.274375,52.961825,25.225559,26.391843
415.387221,62.804078,24.697077,26.053148
416.651462,65.973426,24.060242,25.917670
416.969879,58.041165,23.805508,25.412127
418.097246,69.293937,23.703614,25.209910
418.148193,66.395045,23.249806,25.580375
418.375097,63.209813,23.068283,25.277209
419.465859,73.361396,22.995673,25.155942
419.502163,68.422029,22.966629,24.669230
420.516685,67.665385,23.368063,24.474545
420.315969,76.762727,23.528636,24.396672
420.235682,66.801664,23.592865,24.803728
421.203567,70.598136,23.205506,24.528344
421.397247,73.735828,23.050563,23.992749
421.474719,65.003626,22.988585,23.365460
422.505707,70.317270,22.963794,23.527595
422.518103,67.236203,22.953878,24.017891
422.523061,64.991054,23.362962,24.214010
422.318519,65.892995,23.113545,23.867015
422.443227,59.066493,23.013778,24.153659
422.493111,60.923170,23.386922,24.706523
423.306539,57.646739,23.123129,24.489462
423.438435,53.755269,23.017612,24.402638
423.491194,53.798681,22.975405,23.942466
423.512298,48.028767,22.958522,23.345347
423.520739,48.327327,22.951769,23.106499
423.524115,45.446751,22.949068,23.010960
423.525466,42.494520,23.361038,22.972744
423.319481,41.513628,23.112775,22.957458
423.443612,39.521271,23.013470,22.951343
423.493265,36.524328,22.973748,22.948898
423.513126,38.525551,22.957860,22.947919
423.521070,34.526040,22.951504,22.947528
423.524248,32.526236,22.948962,22.947371
423.525519,35.526314,23.360996,22.947309
423.319502,31.526346,23.525809,22.947284
423.237095,31.526358,23.178684,22.947274
423.410658,34.526363,23.039834,22.947270
423.480083,29.526365,23.397345,22.947268
423.301328,33.526366,23.127298,22.947267
423.436351,36.526366,23.432330,22.947267
424.283835,32.526366,23.554343,22.947267
424.222828,41.526366,24.028591,22.947267
423.985705,38.526366,23.792847,22.947267
424.103576,37.526366,23.285499,22.947267
424.357250,48.526366,23.082560,22.947267
424.458720,43.526366,23.001384,22.947267
424.499308,46.526366,22.968914,23.360318
424.515543,55.319841,22.955926,23.112487
424.522037,47.443756,23.363781,23.013355
424.318109,56.493322,23.113873,23.386753
424.443064,60.306623,23.013909,23.536112
423.493045,55.231944,23.386975,23.182805
423.306513,67.408597,23.536201,23.041482
423.231900,59.479259,23.182841,22.984953
423.408580,67.507523,23.041496,23.375392
423.479252,70.312304,22.984959,23.531568
423.507521,64.234216,23.375395,23.180987
423.312303,73.409506,23.531569,23.453806
422.234216,70.273097,23.180988,23.149883
422.409506,67.425059,23.040755,23.028313
422.479622,75.485843,23.397713,22.979685
423.301143,66.510157,23.965939,22.960234
423.017031,72.519883,23.767786,22.952454
423.116107,69.523773,23.275475,22.949342
423.362263,65.525329,23.078550,22.948097
423.460725,69.525952,22.999780,22.947599
423.500110,62.526201,22.968272,22.947400
423.515864,62.526300,22.955669,22.947320
423.522165,63.526340,22.950628,22.947288
423.524686,55.526356,22.948611,22.947275
423.525694,56.526362,22.947805,22.947270
422.526098,53.526365,22.947482,22.947268
422.526259,49.526366,22.947353,22.947268
422.526323,48.526366,22.947301,22.947267
422.526349,45.526366,22.947281,22.947267
422.526360,42.526366,23.360323,22.947267
422.319838,43.526366,23.525540,22.947267
422.237230,40.526366,23.591627,22.947267
422.204186,37.526366,24.043504,22.947267
421.978248,39.526366,23.798813,23.360318
421.100594,36.319841,23.287885,23.950980
421.356057,34.024510,23.083514,24.187246
420.458243,36.906377,23.414817,23.856309
420.292592,34.071845,23.972780,23.723935
420.013610,36.138033,24.634171,23.670985
419.682915,40.164508,25.350079,23.649805
419.324960,35.175098,26.101335,23.641333
417.949333,42.179334,25.936945,23.224893
418.031528,44.387553,25.419837,23.058318
417.290082,40.470841,24.774788,22.991687
417.612606,50.504156,24.954974,22.965035
417.522513,45.517482,25.478400,22.954374
417.260800,53.522813,25.236419,22.950110
417.381790,52.524945,24.701421,22.948404
416.649290,55.525798,24.925627,22.947722
416.537186,65.526139,24.577104,22.947449
415.711448,60.526276,24.437695,22.947340
415.781152,68.526330,23.956489,22.947296
416.021755,74.526352,24.189449,22.947279
415.905276,68.526361,24.720839,22.947272
415.639581,78.526364,24.495189,23.360320
415.752406,79.319840,24.404929,23.525539
415.797536,76.237231,24.368825,23.591627
415.815588,87.204187,24.792589,23.618062
415.603706,83.190969,24.523889,23.628636
415.738056,84.185682,24.854614,23.632865
414.572693,91.183567,25.438257,23.634557
414.280872,84.182721,25.220362,24.060676
414.389819,87.969662,24.694998,23.805681
414.652501,90.097159,24.059410,23.703684
413.970295,84.148158,23.805175,24.088327
414.097412,86.955837,23.290430,23.816742
414.354785,85.091629,23.497583,23.708108
414.251208,81.145946,24.005887,23.664654
413.997057,83.167673,24.647414,23.647273
413.676293,78.176364,24.465819,24.065762
413.767091,73.967119,24.831386,24.671364
412.584307,73.664318,24.977614,24.913604
412.511193,66.543198,25.036104,25.010501
412.481948,63.494750,25.510852,24.611054
412.244574,61.694473,25.249400,24.025832
412.375300,56.987084,24.706613,23.378693
412.646693,53.310653,24.489499,23.532888
412.755251,48.233556,24.402653,23.594566
412.798674,45.202717,23.942472,24.044680
413.028764,39.977660,24.183842,23.799283
412.908079,36.100359,24.718596,23.701124
412.640702,37.149438,25.383849,24.087303
413.308075,27.956348,25.198599,24.679980
413.400701,26.660010,25.575850,24.478845
413.212075,28.760577,25.275399,24.398391
413.362301,19.800804,24.717013,24.804416
413.641494,23.597792,24.068216,25.418177
413.965892,21.290912,23.395647,26.128574
414.302177,15.935713,23.126619,25.947840
413.436691,25.026080,23.432059,25.424195
413.283971,21.287902,23.979677,25.214737
413.010162,19.392632,24.636930,25.130954
412.681535,29.434523,24.461625,25.548792
412.769187,24.225604,24.829709,25.264576
413.585145,28.367712,25.428294,25.602241
413.285853,38.198879,26.132621,25.737307
412.933690,32.131346,25.949459,25.791334
413.025270,42.104333,25.876194,25.812944
413.061903,47.093528,25.846888,25.821588
413.076556,44.089206,25.835166,25.825046
413.082417,57.087477,25.830477,25.826429
413.084761,59.086785,25.377250,25.826982
413.311375,59.086509,25.647311,25.375852
413.176345,71.312074,26.220227,25.646751
412.889886,70.176624,25.984502,25.755111
413.007749,75.122444,26.355104,26.263348
412.822448,84.868326,26.503344,26.001750
412.748328,80.999125,26.097749,25.445759
413.951126,88.277121,25.935510,25.223362
414.032245,93.388319,25.870615,24.696198
414.064693,91.651901,25.844657,24.059890
414.077672,97.970055,25.834273,23.392316
414.082863,100.303842,25.830120,23.125287
414.084940,97.437357,26.293351,23.018475
413.853324,101.490763,26.013751,22.975750
413.993124,99.512125,25.450559,22.958660
414.274720,100.520670,25.676634,22.951824
414.161683,101.524088,26.231957,22.949090
414.884022,97.525455,26.932925,22.947996
414.533538,95.526002,27.213312,22.947559
414.393344,97.526221,26.846628,23.360434
414.576686,88.319783,26.699954,23.525585
414.650023,89.237208,26.176392,23.178594
414.911804,87.410703,26.431860,23.039798
414.784070,78.480101,26.534047,22.984279
414.732976,81.507860,26.110030,22.962072
414.944985,76.518964,25.489071,22.953189
414.255465,66.523406,25.240687,22.949636
414.379656,70.525182,25.592686,22.948215
414.203657,61.525893,26.198377,22.947646
413.900811,57.526177,26.919493,23.360469
413.540253,61.319765,27.701144,23.525599
413.149428,49.237201,27.520600,24.017093
413.239700,49.991454,26.969543,23.788248
413.515229,51.105876,27.227959,24.122153
413.386020,39.938924,26.852487,23.830272
412.573757,45.084864,27.181137,24.138962
412.409432,40.930519,27.312597,24.262438
412.343702,38.868781,26.886342,24.311829
412.556829,40.844086,26.250947,23.906142
412.874526,32.046929,25.996790,23.743868
413.001605,39.128066,26.360019,23.678958
412.819991,37.160521,26.984150,23.652994
412.507925,34.173503,27.233802,24.068051
412.383099,42.965974,27.826867,24.234074
412.086566,38.882963,28.572094,24.738688
412.713953,39.630656,28.362184,25.391886
412.818908,46.304057,27.785016,25.201813
413.107492,43.399093,27.554148,24.687579
413.222926,47.656211,27.955006,24.056442
413.022497,53.971779,27.622144,23.390937
413.188928,53.304531,27.489000,23.537786
413.255500,61.231107,26.956903,23.596525
413.521549,60.201737,27.222903,23.206970
413.388548,64.396515,27.822508,23.051148
413.088746,69.474426,27.569145,22.988820
413.215427,71.505590,27.961004,22.963888
414.019498,74.518056,28.625749,23.366966
413.687126,79.316517,28.383646,23.115147
413.808177,79.442427,27.793600,23.427470
414.103200,82.286265,27.078743,23.139348
414.460628,86.430326,27.271639,23.024099
414.364180,84.487950,27.348798,22.978000
414.325601,88.511000,27.379661,22.959560
414.310169,92.520220,27.392007,22.952184
414.303997,88.523908,27.890149,23.362285
414.054925,93.318858,27.596202,23.113274
415.201899,90.443363,26.999784,23.426721
416.500108,92.286640,27.240056,23.977542
416.379972,97.011229,27.336164,23.772428
416.331918,88.113786,27.867812,24.115824
416.066094,95.942088,27.587267,23.827741
416.206367,87.086130,27.475049,24.137950
416.262476,85.931025,26.951323,24.700239
416.524339,90.649881,26.741832,25.376506
416.629084,80.311747,27.136875,25.647013
417.431563,83.176493,27.788096,25.303864
417.105952,82.348068,28.556585,25.166605
416.721707,72.416698,28.355981,25.563053
416.822010,76.218474,28.783739,25.721632
416.608131,72.139184,28.954842,26.249956
416.522579,63.875022,29.546524,26.461285
416.226738,68.769357,29.783197,27.024656
416.108402,59.487672,29.877866,26.771166
416.061067,56.614417,30.454671,26.204877
415.772664,59.897562,31.240499,25.978361
416.379751,51.010819,32.126589,26.352648
415.936705,52.823676,31.909266,26.502362
416.045367,50.748819,31.267231,27.041087
416.366384,45.479457,31.010417,27.256577
416.494791,48.371712,30.368754,27.342773
416.815623,43.328614,29.588848,26.898412
417.205576,43.550794,29.800127,26.720668
417.099937,46.639666,30.423575,26.649570
416.788212,42.675215,31.228061,26.156239
417.385970,45.921881,32.121614,26.423799
416.939193,48.788101,32.479035,26.530822
416.760483,47.734589,32.050245,26.108740
416.974878,51.945630,31.878728,26.404799
417.060636,54.797601,31.810122,26.523223
417.094939,53.738389,31.782679,26.570592
417.108660,59.714704,31.216597,26.589540
417.391702,62.705230,31.545269,26.597119
417.227365,61.701441,32.248497,26.600151
416.875751,71.699925,31.958029,26.136471
417.020985,72.931765,31.286737,26.415891
417.356632,73.792054,30.479282,26.527660
416.760359,84.736170,30.695238,26.572367
416.652381,81.713817,31.336726,26.590250
416.331637,85.704875,32.165080,27.076242
415.917460,95.461879,31.924662,26.791800
416.037669,90.604100,31.273390,26.678023
416.363305,96.660989,31.012881,26.167620
416.493560,102.916190,31.463783,25.963459
416.268109,98.018271,32.215903,25.430442
416.892049,107.284779,31.944992,24.779030
417.027504,107.610485,31.281521,24.518465
417.359239,102.740767,31.016133,24.852445
417.491933,111.573777,31.465084,24.547831
417.267458,102.726084,31.644664,24.864191
417.177668,108.567904,31.161390,24.552530
417.419305,107.723735,30.968081,24.427865
417.515960,100.786067,31.445863,23.952557
417.277069,107.023721,32.208735,24.187876
416.895633,101.906062,32.513883,24.720209
416.743058,97.639895,33.224854,24.933143
416.387573,100.533429,32.920331,25.469668
416.539834,92.265166,32.226763,26.149170
416.886618,89.925415,32.521095,26.420971
416.739453,89.789514,32.067068,26.064799
416.966466,81.967600,32.457217,25.470979
416.771392,81.264511,33.202188,25.233450
416.398906,79.383275,33.500176,25.589791
416.249912,73.205105,33.619372,25.280975
416.190314,72.359512,33.078138,25.608801
416.460931,69.195600,33.450556,25.739931
417.274722,65.130034,34.206103,25.792383
416.896949,64.103808,35.133098,26.278256
416.433451,60.860872,34.879119,26.007713
415.560440,55.996143,35.402304,26.364388
415.298848,58.817806,34.986802,26.042166
415.506599,53.978917,34.214022,26.378169
415.892989,50.810915,34.511489,26.512571
415.744256,54.743715,34.630476,26.566331
415.684762,48.716834,34.071491,26.587836
415.964254,52.706082,34.454477,27.075276
415.772762,49.462362,35.232447,27.270253
415.383776,45.364874,35.543635,27.841447
415.228182,54.079276,35.043334,28.069925
415.478333,49.965037,34.843214,27.668112
415.578393,49.165944,35.387942,27.507387
415.306029,59.246306,34.981057,26.964258
415.509471,53.517871,35.443079,26.747006
415.278460,57.626497,35.003112,27.138945
415.498444,64.430528,35.451901,27.788924
415.274049,59.105538,35.631417,28.048916
415.184291,68.975542,35.703223,28.660913
415.148388,71.669543,35.731946,28.905712
415.134027,67.547144,36.386955,29.003632
414.806523,79.498184,37.311783,28.534799
414.344108,75.732600,37.018890,28.855266
414.490555,83.572367,36.258212,29.506694
413.870894,88.246653,35.953942,29.244024
414.023029,85.377988,36.475753,29.138956
413.762124,95.430522,36.040958,29.096929
413.979521,96.451535,36.510559,29.080119
413.744720,95.459941,37.361225,29.073394
413.319387,103.463303,37.038666,28.562704
413.480667,102.718648,36.266123,27.865224
413.866938,104.067388,36.600626,27.586232
413.699687,109.206884,37.397252,27.474635
413.301374,108.262683,37.715902,27.923200
413.142049,110.038400,37.180537,28.102626
412.409731,112.948687,36.966391,28.174397
412.516804,109.912802,36.880733,27.709901
412.559634,111.145050,36.846469,27.045263
412.576765,113.477368,37.495589,27.258247
412.252205,110.370876,37.092412,26.864602
412.453794,111.567699,36.931141,26.242252
412.534429,112.878874,37.529458,25.993311
412.235271,108.003344,38.451495,26.358628
411.774253,109.820686,38.137599,26.983593
411.931200,108.508203,37.349216,27.233579
412.325392,102.383210,37.033863,26.854735
412.483069,105.572633,37.570547,27.182036
412.214727,102.408982,37.785220,27.312957
412.107390,97.343522,37.208264,27.858529
412.395868,101.070736,37.640307,28.076758
412.179846,93.961621,37.150299,28.672050
411.424850,89.663975,37.617121,28.910167
411.191439,94.544917,38.486560,29.005413
410.756720,83.497293,38.151626,29.043512
410.924187,86.478244,38.017652,29.581992
410.991174,87.209004,37.301237,29.797384
411.349382,76.101308,37.677496,30.422478
411.161252,81.788761,37.165175,30.133579
411.417413,78.933211,37.623071,30.556956
411.188464,72.721522,37.143405,30.187370
411.428298,79.906315,37.614364,29.516295
411.192818,69.241853,38.485457,29.247865
410.757271,76.376068,39.537086,29.663733
410.231457,74.168133,39.957737,30.369018
410.021131,69.815491,39.422807,31.206238
410.288597,75.396881,39.912026,31.541126
410.043987,71.229437,39.404522,31.675081
410.297739,70.162460,38.518810,32.300422
410.740595,73.849789,38.847236,32.550558
411.576382,69.724721,39.681797,33.239524
412.159101,74.380238,39.312430,32.926199
412.343785,74.536900,39.164684,32.800869
412.417658,73.599565,39.808776,33.339649
412.095612,78.330176,39.363222,32.966249
412.318389,77.516876,38.502290,32.245130
412.748855,78.877435,38.840628,31.956683
412.579686,83.021659,38.293253,31.286198
412.853374,83.356901,38.757013,31.018004
412.621494,87.490998,38.259807,30.371789
412.870097,89.814106,38.743634,30.113303
412.628183,88.943349,39.640357,30.009908
412.179822,92.995046,39.999046,29.445310
413.000477,95.277345,39.439330,29.219471
413.280335,92.390265,39.215444,28.621135
413.392278,98.689433,38.443179,28.889801
413.778411,96.555100,38.816983,28.489267
414.591508,95.755367,38.283795,28.837053
414.858103,102.581473,38.070519,28.468168
414.964740,98.765916,38.667919,28.320613
414.666040,100.839693,38.224169,28.769592
414.887915,101.615204,37.383844,28.441183
416.308078,97.779408,36.404194,27.816615
416.797903,107.091692,36.655854,28.059993
416.672073,100.970004,36.756518,28.665344
417.621741,99.667328,37.459609,28.907484
418.270196,106.546258,38.423555,29.004340
417.788222,99.497830,39.512325,28.535083
418.243838,103.732459,40.672120,28.347379
417.663940,105.826310,41.882054,28.272298
418.058973,98.863851,42.366027,27.749061
417.816986,105.125469,41.813601,27.539767
418.093200,103.230117,40.868343,27.456049
418.565828,100.271976,41.214527,27.915766
418.392736,107.042117,42.099017,28.099653
417.950492,102.950174,42.452812,28.173207
417.773594,103.913396,42.594331,27.709425
417.702835,109.145287,43.419334,27.523912
417.290333,105.238044,42.980939,27.942911
417.509530,109.028544,42.059566,28.618511
417.970217,111.690744,40.966729,28.888751
418.516635,108.555624,41.253882,28.996847
419.373059,112.501576,41.368743,28.532085
419.315629,113.733957,42.160703,28.346180
418.919649,110.826910,41.731471,27.778614
419.134264,115.110693,40.835491,27.072749
419.582254,116.463626,39.773908,27.269242
420.113046,115.365379,40.052466,27.347839
419.973767,118.326081,40.888177,26.900439
420.555912,118.549781,40.498174,26.256586
420.750913,116.871707,41.066459,25.999045
420.466770,120.000477,42.039790,25.896029
419.980105,120.051986,43.197518,25.854822
419.401241,118.072589,42.892213,25.386988
419.553894,123.306506,43.538487,25.651206
419.230756,120.174397,44.588445,25.756893
418.705778,120.121553,45.823619,25.347816
419.088190,124.326092,47.157336,24.745980
418.421332,120.627010,48.555660,24.943451
417.722170,122.528275,49.114989,25.473791
417.442505,125.263104,48.473884,25.685927
417.763058,118.157036,48.217442,26.235674
416.891279,121.882163,48.979702,26.934412
416.510149,119.532794,49.284606,27.707111
416.357697,118.146444,49.406568,28.524191
416.296716,120.737904,48.590516,28.851023
415.704742,110.574488,49.128932,29.504996
415.435534,116.247502,50.235080,29.766586
414.882460,115.116707,49.786757,29.871221
415.106621,109.064389,50.498210,29.389835
414.750895,115.305082,49.892009,29.720521
414.053995,110.139739,50.540311,30.391733
413.729845,105.804133,51.717137,30.660218
413.141432,110.669891,52.187867,30.228674
411.906066,104.885663,52.376159,30.056057
411.811920,108.971972,53.396506,29.463770
411.301747,105.268115,54.778027,29.750095
410.610987,102.124953,54.357253,29.864625
409.821373,106.067687,54.188944,29.910437
409.905528,101.044781,55.095002,29.928762
409.452499,100.035619,54.484043,30.475030
408.757978,102.762485,55.213041,31.248642
408.393479,98.375679,54.531259,32.129846
407.734370,98.935077,53.313516,33.071240
