413.740000,41.393460,21.000000,11.000000
413.500000,43.500000,20.560993,16.560993
413.719504,40.719504,20.750220,18.785390
413.624890,43.607305,21.201685,19.675149
414.399157,45.162426,21.382271,20.031052
414.308864,46.984474,21.078731,20.173414
415.460634,47.913293,20.592485,20.230358
415.703757,49.884821,20.397987,20.253136
415.801007,52.873432,20.320188,20.262247
415.839906,54.868876,20.289068,20.265892
415.855466,55.867054,20.276620,20.267349
415.861690,56.866325,20.271641,20.267933
417.864180,58.866034,20.634479,20.268166
417.682761,59.865917,21.155389,20.268259
418.422306,61.865870,21.750801,20.268296
418.124600,60.865852,22.387625,20.268311
417.806188,61.865844,23.052974,20.268317
417.473513,61.865841,23.742051,20.268320
417.128975,63.865840,24.017682,20.268321
417.991159,61.865840,23.704996,20.268321
418.147502,60.865839,23.169303,20.633151
418.415348,60.683425,22.556366,20.414253
418.721817,59.792873,21.924144,20.326694
419.037928,59.836653,21.295480,20.291670
419.352260,58.854165,20.679185,20.277661
421.660408,56.861170,20.432667,20.272057
421.783667,54.863971,20.334059,20.269816
421.832970,53.865092,20.294617,20.268919
421.852692,52.865540,20.278839,20.268560
422.860580,50.865720,20.272529,20.268417
423.863736,49.865792,20.270004,20.268360
424.864998,46.865820,20.268994,20.268337
424.865503,46.865832,20.268591,20.268327
425.865705,44.865836,20.268429,20.268324
425.865785,43.865838,20.268364,20.268322
425.865818,41.865839,20.268339,20.268322
425.865831,40.865839,20.268339,20.268322
426.865831,39.865839,20.268339,20.268322
426.865831,38.865839,20.268328,20.268321
427.865836,36.865839,20.633154,20.268321
427.683423,35.865839,21.154859,20.268321
427.422571,34.865839,21.154859,20.268321
427.422571,33.865839,21.154859,20.268321
428.422571,33.865839,21.154859,20.268321
428.422571,32.865839,21.750589,20.268321
428.124706,32.865839,22.387540,20.268321
428.806230,31.865839,23.052940,20.268321
429.473530,32.865839,23.319100,20.268321
429.340450,31.865839,23.848501,20.268321
429.075749,32.865839,23.637324,20.268321
430.181338,31.865839,23.975791,20.268321
431.012104,33.865839,24.546804,20.268321
430.726598,33.865839,24.775209,20.268321
430.612396,34.865839,25.315265,20.268321
430.342367,34.865839,25.993443,20.268321
431.003278,35.865839,26.740735,20.268321
430.629633,35.865839,26.563631,20.268321
431.718184,36.865839,26.968810,20.268321
431.515595,37.865839,27.130881,20.268321
432.434559,37.865839,27.686011,20.268321
432.156995,38.865839,28.413072,20.268321
431.793464,40.865839,28.198887,20.268321
432.900557,41.865839,27.622912,20.268321
433.188544,42.865839,26.916502,20.268321
433.541749,43.865839,26.171783,20.268321
433.914109,43.865839,25.425200,20.268321
435.287400,45.865839,25.575262,20.268321
435.212369,45.865839,26.097442,20.268321
434.951279,47.865839,26.782334,20.268321
435.608833,47.865839,27.546592,20.268321
435.226704,49.865839,27.852295,20.268321
435.073853,49.865839,28.479586,20.268321
434.760207,51.865839,29.250662,20.268321
431.374669,51.865839,29.250662,20.268321
431.374669,52.865839,29.038933,20.268321
431.480534,52.865839,28.449231,20.268321
431.775384,53.865839,28.718360,20.268321
431.640820,54.865839,28.826012,20.268321
431.586994,54.865839,28.364063,20.268321
431.817969,55.865839,28.179283,20.633151
430.910358,53.683424,28.105371,20.779083
430.947314,55.610459,28.075807,20.472626
430.962097,53.763687,28.063981,20.714873
429.968010,54.642564,27.568950,20.446942
430.215525,54.776529,27.370937,20.339770
429.314531,52.830115,27.291732,20.296901
428.354134,52.851550,26.784030,20.279753
427.607985,51.860123,26.118794,20.272894
427.940603,50.863553,25.404005,20.270150
428.297998,51.864925,25.118089,20.269053
427.440955,48.865474,25.003723,20.268614
427.498139,48.865693,25.406671,20.268438
427.296665,47.865781,25.567850,20.268368
426.216075,47.865816,25.183627,20.268340
425.408186,46.865830,24.594312,20.268329
425.702844,45.865836,23.935649,20.268324
425.032176,45.865838,23.261564,20.268323
425.369218,44.865839,23.402549,20.268322
425.298725,46.865839,23.048324,20.268321
425.475838,44.865839,22.906634,20.268321
425.546683,46.865839,23.260577,20.268321
425.369711,45.865839,22.991535,20.268321
425.504232,45.865839,23.294538,20.268321
424.352731,46.865839,23.838676,20.268321
424.080662,47.865839,24.491958,20.268321
423.754021,46.865839,25.201965,20.268321
423.399018,47.865839,25.037273,20.268321
423.481363,47.865839,25.420091,20.268321
423.289954,48.865839,25.124524,20.268321
422.437738,49.865839,24.570671,20.268321
422.714665,50.865839,23.926192,20.268321
423.036904,50.865839,24.091338,20.268321
422.954331,51.865839,24.593022,20.268321
423.703489,52.865839,24.793696,20.268321
423.603152,52.865839,24.873966,20.268321
423.563017,54.865839,24.906073,20.268321
423.546963,54.865839,24.918917,20.268321
423.540542,54.865839,24.924054,20.268321
423.537973,55.865839,24.926109,20.268321
423.536946,55.865839,24.926931,20.268321
423.536535,56.865839,25.375954,20.268321
423.312023,56.865839,25.555563,20.268321
423.222218,55.865839,25.627407,20.633151
423.186296,56.683424,26.118300,20.414253
422.940850,56.792873,26.314657,20.326694
422.842671,56.836653,26.869220,20.291670
422.565390,56.854165,26.615025,20.277661
422.692487,55.861170,26.513347,20.272057
422.743326,54.863971,26.948696,20.634645
422.525652,54.682677,27.122836,20.414851
422.438582,54.792575,26.716472,20.326933
422.641764,52.836533,26.091770,20.291766
422.954115,52.854117,25.393195,20.277699
422.303402,50.861150,25.562460,20.272072
422.218770,50.863964,25.181471,20.269822
423.409264,49.865089,25.477770,20.268921
423.261115,48.865539,25.147595,20.268561
424.426202,47.865719,24.579899,20.268417
424.710050,46.865791,23.929883,20.268360
425.035058,45.865820,23.259258,20.633166
425.370371,44.683417,22.592348,20.779089
426.703826,42.610455,22.724244,20.472628
426.637878,42.763686,23.187621,20.350044
427.406189,41.824978,23.795910,20.301010
427.102045,41.849495,24.039225,20.281397
426.980387,40.859302,24.136551,20.273552
426.931724,39.863224,24.175482,20.270413
426.912259,38.864793,24.191054,20.633988
426.904473,39.683006,23.774345,20.414588
427.112827,38.792706,24.030599,20.326828
427.984700,38.836586,24.133101,20.291724
427.933449,39.854138,23.751164,20.277682
428.124418,38.861159,23.187770,20.272066
428.406115,40.863967,23.373032,20.269819
428.313484,40.865090,23.036517,20.268920
428.481741,41.865540,22.503252,20.268561
428.748374,42.865720,21.902898,20.268417
429.048551,43.865791,21.286982,20.268360
429.356509,46.865820,20.675785,20.268337
429.662107,46.865832,20.431307,20.268327
429.784347,49.865836,20.333516,20.268324
429.833242,51.865838,20.294399,20.268322
429.852800,52.865839,20.278752,20.268322
429.860624,55.865839,20.272494,20.268321
430.863753,58.865839,20.269990,20.633151
430.865005,60.683424,20.268989,20.779083
430.865506,62.610458,20.633418,20.837456
430.683291,65.581272,20.779190,21.236580
430.610405,67.381710,20.837498,21.020454
429.581251,69.489773,21.236597,20.934004
429.381702,72.532998,21.396236,20.534595
429.301882,74.732703,21.460092,20.374831
429.269954,75.812585,21.485634,20.310925
429.257183,77.844537,21.495851,20.650193
429.252075,78.674904,21.499938,20.785900
428.250031,78.607050,21.888620,20.840182
428.055690,79.579909,22.442753,20.861896
426.778624,79.569052,23.075025,20.505751
426.462488,81.747125,23.327934,20.363293
426.336033,79.818353,23.429097,20.306310
426.285451,80.846845,23.469562,20.648347
425.265219,78.675827,23.485749,20.420331
425.257126,78.789834,23.492223,20.329125
424.253888,76.835437,23.917751,20.657473
424.041125,75.671264,24.087962,20.423982
423.956019,74.788009,24.156046,20.330586
423.921977,72.834707,24.183280,20.293227
423.908360,70.853387,24.194173,20.643113
423.902913,68.678443,24.198531,21.158843
423.900735,66.420579,24.635899,21.752182
423.682050,64.123909,24.375221,22.388177
423.812389,60.805911,24.270950,22.243916
422.864525,58.878042,24.664867,21.799164
422.667566,57.100418,24.386808,21.245488
422.806596,55.377256,24.275585,20.659188
422.862208,53.670406,23.808158,20.424668
423.095921,51.787666,23.210568,20.330860
423.394716,49.834570,22.572872,20.293337
424.713564,47.853332,22.716453,20.278327
424.641773,46.860836,22.773886,20.272324
424.613057,44.863838,22.398200,20.269922
424.800900,43.865039,21.860877,20.268962
426.069561,42.865519,21.270173,20.268577
426.364913,43.865711,21.033892,20.268424
426.483054,41.865788,20.574550,20.268362
426.712725,42.865819,20.390813,20.268338
427.804594,41.865831,20.317318,20.268328
427.841341,42.865836,20.652750,20.268324
427.673625,42.865838,20.422093,20.268322
428.788954,43.865839,20.694660,20.268322
428.652670,44.865839,21.179461,20.268321
429.410269,45.865839,21.760430,20.268321
429.119785,47.865839,22.391476,20.268321
428.804262,48.865839,22.245236,20.268321
429.877382,50.865839,22.585399,20.633151
429.707301,52.683424,22.322805,20.779083
430.838598,53.610458,21.830719,20.472626
431.084640,56.763687,21.258110,20.350043
431.370945,57.824978,20.664237,20.301010
433.667882,60.849495,20.426688,20.281397
433.786656,62.859302,20.696498,20.638381
433.651751,63.680809,21.180196,20.416345
434.409902,66.791827,20.997901,20.692361
434.501049,68.653820,21.300758,20.802767
434.349621,70.598617,21.808948,20.846929
434.095526,71.576535,22.410884,20.864594
433.794558,73.567703,23.062277,20.871660
433.468861,74.564170,23.322835,20.509657
433.338583,76.745172,23.016438,20.364856
433.491781,76.817572,22.495220,20.306935
433.752390,77.846533,22.685393,20.283767
434.657304,78.858117,23.172081,20.639329
435.413960,78.680335,22.956137,21.157329
435.521932,79.421336,23.280378,21.364529
435.359811,78.317736,23.833013,21.447409
435.083494,79.276296,24.054066,21.867609
434.972967,77.066196,24.578114,21.648641
434.710943,79.175680,24.352107,21.948101
434.823947,78.025949,23.838766,21.680838
435.080617,77.159581,23.222811,21.960980
435.388594,77.019510,22.577770,22.471697
435.711115,75.764152,21.932705,22.675983
436.033647,73.662008,21.298905,22.359038
436.350548,74.820481,21.045384,22.232261
436.477308,72.883870,20.579147,21.794501
436.710427,72.102749,20.392651,22.006446
436.803674,70.996777,20.318053,21.704176
436.840973,70.147912,20.653044,21.207493
436.673478,71.396254,20.422210,21.008820
436.788895,69.495590,20.694707,20.564521
436.652647,68.717740,20.803705,20.386801
436.598147,67.806599,20.847305,20.680543
436.576348,65.659729,20.499915,20.798040
436.750043,65.600980,20.360959,21.220813
436.819521,64.389593,20.670206,21.776970
436.664897,63.111515,20.429075,22.398093
436.785462,62.800954,20.332623,22.247882
436.833689,62.876059,20.294042,22.586457
436.852979,62.706771,20.278610,22.323228
435.860695,62.838386,20.637266,21.830888
435.681367,63.084556,20.780729,22.021001
435.609635,61.989500,20.838114,22.495705
435.580943,62.752148,20.861068,23.096206
435.569466,62.451897,20.505420,23.759344
435.747290,62.120328,20.363161,23.601661
435.818420,63.199169,20.306257,23.127969
435.846871,63.436016,20.283496,22.539833
434.858252,65.730084,20.639221,22.304578
434.680390,65.847711,20.416681,22.210476
435.791659,66.894762,20.327665,22.172836
435.836167,66.913582,20.292059,22.556439
435.853971,68.721781,20.277816,22.709880
435.861092,67.645060,20.636949,22.372597
435.681525,70.813701,20.780602,22.636343
435.609699,70.681828,20.473234,22.343183
436.763383,71.828409,20.350286,21.838870
436.824857,72.080565,20.301107,21.261371
436.849446,73.369315,20.281436,20.665541
436.859282,73.667229,20.273567,20.792039
436.863216,74.603981,20.270420,20.477808
436.864790,74.761096,20.633990,20.352116
436.683005,74.823942,20.414589,20.301839
438.792706,74.849080,20.326828,20.281728
438.836586,74.859136,20.291724,20.273684
438.854138,75.863158,20.277682,20.270466
438.861159,74.864767,20.272066,20.269179
438.863967,74.865410,20.269819,20.268665
439.865090,74.865668,20.268920,20.268459
439.865540,74.865771,20.268561,20.268376
440.865720,73.865812,20.268417,20.633173
440.865791,72.683413,20.268360,20.414262
440.865820,72.792869,20.268337,20.691527
440.865832,70.654236,20.268327,20.802434
441.865836,71.598783,20.268324,20.481966
441.865838,69.759017,20.268322,20.353779
441.865839,70.823110,20.268322,20.302504
441.865839,68.848748,20.268321,20.281995
441.865839,68.859003,20.268321,20.273791
441.865839,67.863105,20.268321,20.270509
441.865839,66.864745,20.268321,20.269196
441.865839,64.865402,20.268321,20.268671
442.865839,64.865664,20.268321,20.268461
442.865839,63.865769,20.268321,20.268377
442.865839,62.865811,20.268321,20.268344
442.865839,62.865828,20.268321,20.268330
443.865839,61.865835,20.268321,20.268325
444.865839,60.865838,20.268321,20.268323
444.865839,59.865839,20.633151,20.268322
444.683424,59.865839,20.414253,20.268322
444.792873,58.865839,20.326694,20.268321
444.836653,58.865839,20.291670,20.268321
444.854165,57.865839,20.277661,20.633151
444.861170,59.683424,20.636887,20.779083
445.681557,57.610458,21.156352,20.837456
445.421824,58.581272,21.364138,20.495975
445.317931,58.752012,21.071478,20.359383
445.464261,58.820309,20.589584,20.304746
446.705208,60.847627,20.761656,20.647721
446.619172,60.676140,20.465655,20.420081
446.767172,62.789959,20.347255,20.693855
447.826373,63.653072,20.299895,21.179139
447.850053,64.410430,20.280951,20.997478
447.859525,65.501261,20.638203,20.559984
447.680899,67.720008,21.156878,20.384986
447.421561,69.807507,21.751397,20.314987
447.124302,71.842506,21.602156,20.286988
447.198922,73.856506,21.166685,20.640618
446.416658,74.679691,20.627667,20.417240
445.686167,76.791380,20.412059,20.327889
445.793970,77.836056,20.325817,20.292148
445.837092,79.853926,20.291319,20.642682
445.854340,81.678659,20.277521,20.418066
445.861240,82.790967,20.636831,20.328219
445.681585,85.835891,21.156330,20.292280
445.421835,86.853860,21.751177,20.277905
445.124412,88.861048,22.387775,20.272155
444.806112,89.863923,23.053034,20.269855
443.473483,90.865073,22.908518,20.268935
442.545741,91.865533,23.261331,20.268567
441.369335,91.865717,22.991837,20.268419
440.504082,91.865790,22.485380,20.268361
440.757310,91.865820,21.895749,20.268337
441.052125,90.865831,21.284122,20.268328
441.357939,90.865836,20.674642,20.268324
441.662679,89.865838,20.430849,20.268322
441.784575,87.865839,20.333333,20.268322
441.833334,86.865839,20.294326,20.268321
441.852837,84.865839,20.278723,20.268321
441.860638,83.865839,20.272482,20.268321
441.863759,81.865839,20.269986,20.268321
441.865007,79.865839,20.268987,20.268321
441.865506,76.865839,20.268588,20.268321
441.865706,74.865839,20.268428,20.268321
441.865786,72.865839,20.268364,20.268321
441.865818,70.865839,20.268338,20.268321
441.865831,67.865839,20.268328,20.268321
442.865836,64.865839,20.268324,20.268321
442.865838,62.865839,20.268322,20.268321
442.865839,59.865839,20.268322,20.268321
443.865839,57.865839,20.268321,20.633151
444.865839,54.683424,20.268321,20.414253
445.865839,52.792873,20.268321,20.326694
445.865839,50.836653,20.268321,20.291670
445.865839,49.854165,20.268321,20.277661
445.865839,48.861170,20.268321,20.272057
445.865839,46.863971,20.268321,20.269816
446.865839,45.865092,20.268321,20.268919
447.865839,46.865540,20.268321,20.268560
447.865839,46.865720,20.268321,20.268417
447.865839,45.865792,20.268321,20.268360
447.865839,46.865820,20.268321,20.268337
447.865839,47.865832,20.268321,20.268327
449.865839,49.865836,20.268321,20.633154
449.865839,50.683423,20.268321,20.414254
450.865839,52.792873,20.268321,20.326694
450.865839,52.836653,20.268321,20.291671
450.865839,55.854165,20.268321,20.277661
450.865839,59.861169,20.268321,20.272057
450.865839,61.863971,20.268321,20.269816
452.865839,64.865092,20.268321,20.268919
452.865839,66.865540,20.268321,20.268560
452.865839,69.865720,20.268321,20.268417
452.865839,72.865792,20.633151,20.268360
452.683424,75.865820,20.779083,20.633166
452.610459,75.683417,20.472626,20.414259
452.763687,78.792870,20.350043,20.691526
452.824978,81.654237,20.301010,20.437603
452.849495,82.781198,20.281397,20.700864
452.859302,84.649568,20.273552,20.441338
452.863224,85.779331,20.270413,20.337528
453.864793,87.831236,20.269158,20.296004
453.865421,89.851998,20.268656,20.644224
453.865672,89.677888,20.268455,20.783512
453.865772,90.608244,20.268375,20.474398
453.865813,92.762801,20.268343,20.350752
453.865829,90.824624,20.268330,20.301294
453.865835,92.849353,20.268325,20.281510
453.865838,91.859245,20.268323,20.638427
453.865839,90.680787,20.268322,20.416363
453.865839,91.791818,20.268322,20.692368
452.865839,89.653816,20.268321,21.178544
452.865839,88.410728,20.268321,21.760063
452.865839,86.119969,20.633151,21.992670
452.683424,85.003665,20.414253,21.698665
452.792873,84.150667,20.326694,21.205289
452.836653,82.397356,20.291670,21.383713
452.854165,81.308144,20.277661,21.455082
452.861170,79.272459,20.272057,21.870678
452.863971,77.064661,20.269816,22.435576
452.865092,74.782212,20.268919,22.262875
452.865540,72.868562,20.268560,22.592455
452.865720,70.703773,20.268417,22.724286
451.865792,68.637857,20.268360,23.187638
450.865820,66.406181,20.268337,22.962360
450.865832,64.518820,20.268327,22.872248
450.865836,62.563876,20.268324,22.437545
450.865838,60.781228,20.268322,21.876615
450.865839,60.061692,20.268322,21.276469
450.865839,59.361766,20.268321,20.671580
450.865839,58.664210,20.268321,20.794455
450.865839,58.602773,20.268321,20.478775
450.865839,56.760613,20.268321,20.352503
450.865839,56.823749,20.268321,20.301994
451.865839,56.849003,20.268321,20.281790
451.865839,55.859105,20.268321,20.273709
451.865839,56.863146,20.268321,20.270476
451.865839,56.864762,20.268321,20.269183
451.865839,58.865408,20.268321,20.268666
451.865839,58.865667,20.268321,20.268459
451.865839,59.865770,20.268321,20.633206
451.865839,60.683397,20.268321,21.154880
451.865839,61.422560,20.268321,21.363549
452.865839,63.318225,20.268321,21.834065
452.865839,64.082968,20.268321,21.635223
453.865839,65.182388,20.268321,21.942734
453.865839,66.028633,20.268321,21.678691
453.865839,68.160654,20.268321,21.960122
453.865839,69.019939,20.268321,21.685646
453.865839,71.157177,20.268321,21.575856
455.865839,71.212072,20.268321,21.531939
455.865839,72.234030,20.633151,21.514373
455.683424,73.242813,20.414253,21.507346
455.792873,74.246327,20.326694,21.891584
456.836653,74.054208,20.291670,22.045279
456.854165,73.977361,20.277661,22.106757
457.861170,73.946622,20.272057,22.131348
457.863971,75.934326,20.269816,22.141184
458.865092,74.929408,20.268919,22.145119
458.865540,74.927441,20.268560,21.759645
458.865720,75.120178,20.268417,21.605455
459.865792,74.197272,20.268360,21.168005
459.865820,75.415998,20.268337,20.628195
459.865832,74.685903,20.268327,20.412271
461.865836,74.793865,20.633154,20.325901
461.683423,74.837049,20.779084,20.291353
461.610458,74.854323,21.213231,20.277534
461.393385,73.861233,21.386890,20.636836
461.306555,73.681582,21.456353,21.156332
461.271823,73.421834,21.484138,21.751178
461.257931,71.124411,21.119478,22.387776
461.440261,70.806112,20.608784,23.053034
461.695608,70.473483,20.769336,23.742075
461.615332,69.128963,20.833557,23.594754
461.583221,69.202623,21.235020,23.535825
461.382490,69.232087,21.019831,23.101635
461.490085,69.449183,20.568925,22.529299
461.715537,69.735351,20.388563,21.913317
461.805719,71.043342,20.681248,21.291149
461.659376,70.354425,20.433492,21.042282
461.783254,70.478859,20.699219,20.577906
461.650390,70.711047,20.805510,20.392155
461.597245,70.803922,20.848027,20.317855
461.575987,70.841073,20.865033,20.288135
461.567483,70.855933,21.247611,20.276247
461.376195,70.861877,21.400641,20.636321
461.299679,69.681839,21.848902,20.415521
461.075549,70.792239,22.028206,20.692031
460.985897,70.653984,21.712880,20.437805
461.143560,70.781097,21.210974,20.336115
461.394513,70.831943,20.645383,20.295439
461.677309,70.852281,20.419146,20.279168
461.790427,70.860416,20.328651,20.272660
461.835674,70.863670,20.292453,20.270057
461.853773,70.864972,20.277974,20.269016
461.861013,69.865492,20.272182,20.268599
461.863909,70.865701,20.634696,20.268432
461.682652,70.865784,20.779701,20.268366
461.610150,70.865817,20.472873,20.268339
461.763563,71.865830,20.350142,20.268328
461.824929,70.865836,20.301050,20.268324
461.849475,71.865838,20.281413,20.268322
461.859294,71.865839,20.273558,20.268322
461.863221,71.865839,20.270416,20.268321
461.864792,71.865839,20.269159,20.268321
462.865420,71.865839,20.633486,20.268321
462.683257,71.865839,21.154992,20.268321
462.422504,71.865839,21.750642,20.268321
462.124679,71.865839,22.387561,20.268321
461.806219,72.865839,23.052948,20.268321
461.473526,71.865839,22.908484,20.268321
461.545758,72.865839,22.452039,20.268321
461.773981,72.865839,21.882413,20.268321
462.058794,72.865839,21.278788,20.268321
462.360606,72.865839,20.672508,20.268321
463.663746,71.865839,20.429996,20.268321
463.785002,72.865839,20.697821,20.268321
463.651090,72.865839,21.180726,20.268321
464.409637,72.865839,21.760935,20.268321
464.119532,71.865839,22.391679,20.268321
463.804161,71.865839,23.054595,20.268321
463.472702,71.865839,23.742699,20.268321
463.128650,71.865839,24.453567,20.268321
462.773217,71.865839,25.186609,20.268321
462.406696,71.865839,25.031131,20.268321
462.484435,70.865839,24.533314,20.268321
462.733343,70.865839,23.911249,20.268321
463.044375,69.865839,23.251804,20.268321
463.374098,69.865839,22.589367,20.268321
464.705317,68.865839,22.723051,20.268321
464.638474,68.865839,23.187144,20.268321
465.406428,67.865839,23.795719,20.268321
465.102140,67.865839,24.474775,20.268321
464.762613,67.865839,25.195092,20.268321
464.402454,66.865839,25.034524,20.268321
464.482738,65.865839,24.534671,20.268321
464.732665,66.865839,24.770356,20.633151
464.614822,65.683424,24.429004,20.414253
465.785498,65.792873,24.728089,20.326694
465.635956,64.836653,25.296417,20.291670
465.351791,64.854165,25.075054,20.277661
465.462473,64.861170,24.550883,20.272057
465.724558,65.863971,24.776840,20.269816
466.611580,64.865092,24.431598,20.268919
466.784201,65.865540,24.729126,20.268560
466.635437,64.865720,24.412512,20.268417
466.793744,65.865792,23.862928,20.268360
468.068536,65.865820,24.066033,20.268337
467.966984,66.865832,23.724337,20.268327
469.137832,65.865836,24.010596,20.268324
469.994702,66.865838,24.560726,20.268322
469.719637,66.865839,25.229472,20.268322
469.385264,66.865839,25.959126,20.268321
469.020437,68.865839,26.727008,20.268321
468.636496,67.865839,27.524461,20.268321
468.237769,68.865839,28.348452,20.268321
467.825774,68.865839,28.678049,20.268321
467.660976,68.865839,28.304878,20.268321
467.847561,69.865839,27.665308,20.268321
468.167346,69.865839,26.933461,20.268321
468.533270,69.865839,27.116742,20.268321
469.441629,69.865839,26.714034,20.268321
469.642983,70.865839,27.028971,20.268321
469.485515,71.865839,26.678926,20.268321
469.660537,71.865839,26.076752,20.268321
469.961624,72.865839,26.298038,20.268321
470.850981,72.865839,26.386553,20.268321
470.806724,72.865839,26.897978,20.268321
470.551011,73.865839,27.592849,20.268321
470.203575,73.865839,28.375808,20.268321
469.812096,73.865839,28.688991,20.268321
469.655505,74.865839,29.334424,20.268321
469.332788,75.865839,30.128362,20.633151
467.935819,75.683424,30.997775,20.414253
467.501112,76.792873,31.913934,20.326694
467.043033,76.836653,32.865842,20.291670
466.567079,76.854165,33.246605,20.277661
465.376698,78.861170,33.398910,20.272057
465.300545,77.863971,34.062840,20.269816
464.968580,78.865092,33.725404,20.633749
465.137298,78.683126,33.004985,20.779322
465.497507,78.610339,32.716817,20.472722
465.641591,79.763639,33.186995,20.350081
464.406502,79.824959,32.789621,20.301025
464.605189,79.849487,32.630672,20.281403
464.684664,79.859299,31.998699,20.273554
465.000650,80.863223,31.745910,20.270414
464.127045,79.864793,31.644795,20.269159
464.177603,79.865421,32.172741,20.268656
463.913629,78.865672,32.383920,20.268455
463.808040,78.865772,33.053836,20.268375
463.473082,77.865813,33.924811,20.268343
464.037595,76.865829,34.894299,20.268330
463.552851,75.865835,35.282094,20.268325
463.358953,74.865838,35.437212,20.268323
463.281394,74.865839,36.138990,20.268322
462.930505,72.865839,35.779971,20.268322
463.110015,71.865839,35.015264,20.268321
463.492368,69.865839,34.106374,20.268321
464.946813,67.865839,33.157373,20.268321
465.421314,66.865839,33.363217,20.268321
465.318391,64.865839,32.860110,20.268321
465.569945,63.865839,33.244312,20.268321
466.377844,61.865839,34.001001,20.268321
466.999499,59.865839,33.700669,20.268321
467.149666,58.865839,32.995091,20.268321
468.502455,57.865839,32.144467,20.268321
468.927767,56.865839,32.372610,20.268321
468.813695,55.865839,33.049312,20.268321
469.475344,54.865839,33.923001,20.268321
470.038499,53.865839,34.893575,20.268321
470.553213,53.865839,35.281804,20.268321
470.359098,53.865839,36.076827,20.268321
469.961586,53.865839,36.394837,20.268321
469.802582,52.865839,37.180964,20.268321
470.409518,52.865839,38.174105,20.268321
470.912947,53.865839,39.270413,20.268321
470.364793,53.865839,39.009885,20.268321
470.495057,54.865839,39.604725,20.268321
470.197637,54.865839,40.562685,20.268321
469.718658,55.865839,41.687492,20.268321
470.156254,56.865839,42.137415,20.268321
469.931292,58.865839,42.317384,20.633151
469.841308,59.683424,41.647748,20.414253
470.176126,61.792873,40.659871,20.691524
470.670065,62.654238,39.565668,20.437602
471.217166,64.781199,39.127987,20.336034
471.436007,67.831983,38.274224,20.295406
471.862888,69.852297,37.273795,20.279155
472.363102,70.860422,36.233893,20.272655
472.883054,71.863673,36.457663,20.270055
473.771169,74.864973,37.206094,20.269015
473.396953,76.865493,38.184157,20.268599
472.907921,77.865701,39.274434,20.268432
472.362783,78.865784,40.430568,20.268366
472.784716,79.865817,41.634646,20.268339
472.182677,81.865830,42.116277,20.633158
471.941862,83.683421,43.072801,20.779086
469.463599,84.610457,44.242200,20.472627
468.878900,85.763686,44.709960,20.714873
468.645020,86.642563,44.897063,20.446942
468.551468,87.776529,44.971905,20.339770
468.514048,88.830115,45.001842,20.296901
468.499079,89.851550,45.013816,20.279753
468.493092,88.860123,45.018606,20.272894
468.490697,88.863553,45.020522,20.270150
468.489739,88.864925,45.021288,20.269053
468.489356,88.865474,45.021595,20.268614
467.489203,87.865693,45.021718,20.268438
467.489141,87.865781,45.021767,20.268368
467.489117,86.865816,45.021786,20.268340
467.489107,86.865830,45.021794,20.268329
467.489103,85.865836,45.021797,20.268324
467.489101,84.865838,45.021798,20.268323
466.489101,83.865839,45.021799,20.268322
466.489101,82.865839,45.021799,20.268321
466.489100,81.865839,45.832192,20.633151
466.083904,80.683424,46.156349,20.414253
465.921826,78.792873,46.286011,20.326694
465.856994,77.836653,47.172581,20.291670
465.413710,75.854165,47.527208,20.277661
465.236396,74.861170,47.669059,20.272057
464.165470,72.863971,47.725800,20.269816
464.137100,70.865092,47.748496,20.268919
464.125752,68.865540,47.757575,20.268560
464.121213,66.865720,47.761206,20.268417
464.119397,64.865792,46.927954,20.268360
463.536023,62.865820,45.784261,20.268337
464.107869,60.865832,44.539995,20.268327
464.730002,58.865836,43.278416,20.268324
466.360792,56.865838,43.537657,20.268322
467.231171,55.865839,42.877481,20.268322
467.561259,54.865839,41.871787,20.268321
469.064107,52.865839,40.749486,20.268321
470.625257,51.865839,41.020589,20.268321
471.489706,50.865839,41.870654,20.268321
471.064673,49.865839,42.974552,20.268321
471.512724,49.865839,44.202901,20.268321
471.898550,48.865839,44.694240,20.268321
471.652880,48.865839,44.890775,20.268321
471.554612,47.865839,44.182601,20.268321
471.908699,47.865839,43.135459,20.268321
473.432271,46.865839,41.974978,20.268321
475.012511,48.865839,42.252409,20.268321
475.873795,48.865839,43.127255,20.268321
476.436373,49.865839,44.263981,20.268321
476.868009,50.865839,45.529065,20.268321
477.235468,52.865839,46.035098,20.268321
476.982451,54.865839,46.237511,20.268321
476.881244,55.865839,46.318476,20.268321
476.840762,57.865839,47.185567,20.268321
477.407217,59.865839,47.532403,20.268321
477.233799,61.865839,48.530882,20.268321
476.734559,63.865839,49.815812,20.633151
477.092094,65.683424,50.329784,20.414253
476.835108,66.792873,50.535373,20.326694
476.732314,68.836653,50.617608,20.291670
476.691196,70.854165,50.650502,20.277661
476.674749,73.861170,50.663660,20.272057
476.668170,75.863971,50.668923,20.269816
476.665538,76.865092,49.785491,20.268919
477.107255,78.865540,48.572372,20.268560
477.713814,80.865720,48.087125,20.268417
477.956437,82.865792,47.893026,20.268360
478.053487,84.865820,47.815387,20.633166
478.092307,84.683417,47.784331,20.414259
477.107835,86.792870,47.771908,20.326697
477.114046,88.836652,48.626685,20.291671
476.686658,88.854164,49.854133,20.277661
476.072934,88.861169,51.257216,20.272057
475.371392,89.863971,51.818449,20.269816
475.090775,90.865092,52.042942,20.268919
473.978529,89.865540,52.132740,20.268560
473.933630,89.865720,52.168659,20.268417
473.915671,89.865792,52.183026,20.268360
473.908487,90.865820,52.188773,20.268337
473.905613,89.865832,52.191072,20.268327
473.904464,88.865836,52.191992,20.268324
473.904004,87.865838,52.192359,20.268322
473.903820,85.865839,53.131973,20.268322
473.434013,85.865839,54.475470,20.268321
472.762265,84.865839,55.012869,20.268321
471.493566,82.865839,55.227828,20.268321
471.386086,80.865839,55.313812,20.268321
471.343094,78.865839,55.348205,20.268321
471.325897,77.865839,55.361963,20.633151
471.319019,75.683424,56.364146,21.154858
470.817927,73.422571,55.768339,21.750588
471.115830,71.124706,54.562365,22.387540
472.718817,68.806230,53.140509,23.052940
473.429746,67.473530,51.659663,23.742037
474.170169,65.128981,50.181786,24.017676
474.909107,62.991162,48.730891,23.704994
476.634555,62.147503,47.315828,23.169302
477.342086,61.415349,45.939411,22.556366
479.030295,60.721817,44.602055,21.924144
479.698972,59.037928,43.303240,21.295480
481.348380,59.352260,43.547587,20.679185
482.226207,57.660408,43.645326,20.432667
483.177337,56.783667,43.684421,20.334059
484.157789,55.832970,43.700059,20.294617
485.149970,54.852692,44.493103,20.278839
485.753448,54.860580,44.810321,20.272529
486.594840,54.863736,44.937208,20.270004
487.531396,53.864998,44.987963,20.268994
488.506019,53.865503,44.221476,20.268591
489.889262,54.865705,44.701670,20.268429
490.649165,54.865785,44.106959,20.268364
491.946521,54.865818,43.869074,20.268339
493.065463,55.865831,43.773921,20.268328
494.113040,55.865836,42.971987,20.268324
495.514007,55.865838,41.909589,20.268322
498.045205,56.865839,42.226254,20.268322
498.886873,56.865839,43.116792,20.268321
499.441604,57.865839,42.709135,20.268321
500.645432,57.865839,41.804449,20.268321
502.097776,58.865839,42.184198,20.268321
502.907901,59.865839,43.099970,20.268321
503.450015,59.865839,44.253068,20.268321
503.873466,61.865839,44.714307,20.268321
504.642847,61.865839,44.112013,20.268321
504.943993,64.865839,43.107224,20.268321
505.446388,64.865839,41.963684,20.268321
507.018158,66.865839,40.786245,20.268321
508.606878,66.865839,39.616218,20.268321
511.191891,66.865839,39.148207,20.268321
512.425897,69.865839,39.660054,20.268321
513.169973,70.865839,40.584816,20.268321
513.707592,69.865839,41.696345,20.268321
513.151828,69.865839,42.140956,20.268321
512.929522,72.865839,41.577177,20.268321
513.211412,72.865839,40.631642,20.268321
513.684179,72.865839,39.554377,20.268321
514.222812,74.865839,38.444779,20.268321
515.777610,74.865839,37.342017,20.268321
516.328991,74.865839,36.261181,20.268321
516.869409,76.865839,35.207749,20.268321
517.396126,75.865839,34.183368,20.268321
518.908316,76.865839,34.376623,20.268321
519.811688,76.865839,35.075024,20.268321
520.462488,76.865839,35.994115,20.268321
520.002942,77.865839,37.020675,20.268321
519.489663,77.865839,37.431299,20.268321
520.284351,77.865839,38.274239,20.268321
519.862880,77.865839,38.611415,20.268321
519.694292,79.865839,38.746286,20.633151
519.626857,79.683424,38.121543,20.414253
519.939228,80.792873,37.212723,20.326694
520.393639,80.836653,36.209464,20.291670
520.895268,79.854165,35.187062,20.277661
522.406469,80.861170,35.399199,20.272057
523.300400,80.863971,36.123785,20.269816
522.938107,80.865092,35.773889,20.268919
523.113056,81.865540,35.633930,20.268560
523.183035,79.865720,34.956848,20.268417
524.521576,80.865792,34.083007,20.633189
525.958496,81.683405,33.148026,20.414269
527.425987,81.792866,32.205641,20.326700
527.897179,81.836650,31.276849,20.291673
529.361575,80.854164,30.369568,20.277662
531.815216,80.861169,29.486495,20.272058
533.256753,80.863971,28.628256,20.269816
535.685872,79.865092,27.794660,20.268919
536.102670,78.865540,26.985201,20.268560
537.507399,77.865720,26.199262,20.268417
538.900369,77.865792,25.436192,20.268360
541.281904,76.865820,24.695338,20.633166
542.652331,75.683417,23.976059,21.154864
544.011971,73.422568,24.111285,21.363543
543.944358,73.318229,24.601001,21.834062
544.699499,71.082969,24.361262,21.635222
544.819369,71.182389,23.842428,21.555686
546.078786,70.222157,23.224276,21.523872
548.387862,68.238064,22.578356,21.898194
548.710822,67.050903,22.718647,22.047923
549.640677,65.976039,22.376104,22.107814
550.811948,63.946093,21.852039,22.530430
552.073981,62.734785,21.266638,22.300817
552.366681,61.849591,20.667648,21.821924
552.666176,61.089038,20.792882,21.254592
553.603559,61.372704,20.478145,21.027659
554.760927,61.486170,20.352251,20.936886
554.823875,59.531557,20.301893,20.900577
555.849053,59.549711,20.281750,20.886053
555.859125,58.556973,20.273693,20.880244
556.863154,57.559878,20.270470,21.253695
556.864765,56.373153,20.634011,21.790123
556.682995,56.104938,20.414597,21.617646
556.792702,56.191177,20.326832,21.172881
556.836584,56.413559,20.656555,20.630145
556.671722,56.684927,20.788445,20.777881
556.605778,56.611060,20.476371,20.836975
556.761815,56.581513,20.351541,21.236387
556.824229,56.381806,20.301609,21.020377
555.849195,57.489811,20.646466,20.569144
555.676767,59.715428,20.784409,20.388650
554.607795,60.805675,20.474756,20.316453
554.762622,61.841774,20.715725,20.652404
553.642137,62.673798,20.812113,20.421954
552.593944,64.789023,20.850668,20.694604
550.574666,65.652698,20.501260,20.803664
550.749370,68.598168,20.726326,21.223063
547.636837,71.388469,20.451523,21.390822
547.774238,72.304589,20.341602,21.082152
545.829199,75.458924,20.297634,21.334458
544.851183,77.332771,20.280046,21.059606
542.859977,79.470197,20.637841,20.584835
539.681079,82.707582,21.156734,20.394927
538.421633,84.802537,21.751339,20.318964
536.124331,86.840518,22.387840,20.288578
532.806080,89.855711,23.053060,20.276424
530.473470,92.861788,23.742085,20.271562
528.128957,94.864219,23.594758,20.269618
526.202621,96.865191,23.958764,20.633670
523.020618,97.683165,24.539993,20.779290
519.730004,100.610355,24.336859,20.837539
516.831571,103.581231,24.691231,21.236613
514.654385,104.381694,24.397354,21.783290
510.801323,107.108355,23.856865,22.400621
510.071567,105.799690,23.230051,22.248893
506.384975,108.875553,23.389944,22.188203
504.305028,110.905899,23.876839,22.163926
501.061581,109.918037,23.648659,22.154216
499.175670,111.922892,23.146768,22.548991
495.426616,111.725505,23.356631,23.117520
494.321685,111.441240,23.863514,23.344932
490.068243,111.327534,24.501893,23.025277
486.749054,111.487361,24.321618,22.498756
485.839191,112.750622,24.685135,22.686807
482.657433,111.656597,24.830541,22.363368
478.584729,110.818316,24.453078,21.846944
476.773461,111.076528,24.302092,21.264600
473.848954,110.367700,23.818761,21.407437
472.090620,109.296281,24.048366,21.464572
468.975817,108.267714,24.140208,21.874474
466.929896,106.062763,24.612570,22.038435
463.693715,105.980783,24.801515,22.502678
460.599242,103.748661,24.877093,23.098995
459.561453,102.450502,25.356019,23.337522
456.321990,101.331239,25.547589,23.855870
454.226205,99.072065,25.624218,24.498835
451.187891,96.750582,25.206174,24.756021
449.396913,93.621989,25.487652,24.423270
446.256174,93.788365,25.151548,24.290169
445.424226,92.854915,25.017106,24.672555
442.491447,89.663723,24.527704,24.389883
442.736148,86.805058,24.331943,23.853877
441.834029,86.073062,23.830701,23.639474
439.084650,87.180263,23.219585,23.143094
436.390208,85.428453,22.975138,22.545883
436.512431,83.727059,22.478701,21.919950
435.760650,82.040025,21.893077,22.056625
435.053461,83.971687,21.658828,21.724247
433.170586,85.137876,21.565129,21.215522
432.217436,85.392239,21.914697,21.012031
431.042652,84.493984,22.453183,20.565805
428.773408,85.717097,22.269918,20.387315
426.865041,87.806343,22.595272,20.315919
423.702364,89.842041,22.326754,20.287360
422.836623,91.856320,21.832299,20.275937
420.083851,93.862032,21.258742,20.636197
420.370629,95.681901,21.029319,20.780301
419.485340,98.609849,20.937550,21.213718
416.531225,100.393141,20.900843,21.774132
414.549579,103.112934,21.261934,21.998298
411.369033,107.000851,21.793419,22.087964
411.103291,109.956018,22.404672,22.123831
406.797664,112.938085,22.250514,22.138178
405.874743,115.930911,21.801803,22.143916
403.099099,118.928042,21.246544,21.759164
400.376728,122.120418,20.659610,21.992311
399.670195,126.003845,20.424837,21.698521
396.787582,130.150739,20.330928,21.581006
395.834536,132.209497,20.658194,21.921047
392.670903,136.039476,20.424270,21.670016
389.787865,140.164992,20.330701,21.956652
385.834650,143.021674,20.293273,21.684258
383.853363,145.157871,20.643132,21.575300
381.678434,148.212350,21.158850,21.531717
378.420575,150.234141,21.752185,21.901332
375.123907,153.049334,21.602471,22.447837
371.198764,156.776081,21.929634,22.267780
367.035183,159.866110,21.673451,22.195757
363.163275,161.902121,21.958025,21.779900
360.020987,164.110050,22.470515,21.237783
355.764743,166.381109,22.675510,20.656106
351.662245,168.671947,23.168128,20.788265
348.415936,169.605868,23.788112,21.216903
344.105944,171.391548,24.471732,21.388359
338.764134,174.305821,24.745180,21.081166
334.627410,174.459417,25.303254,20.958289
330.348373,175.520856,25.988639,20.909138
326.005681,177.545431,25.800637,21.265253
321.099681,177.367374,26.187592,21.407698
314.906204,179.296151,26.818394,21.464677
308.590803,178.267662,27.561016,21.487468
303.219492,178.256266,28.363074,21.496584
297.818463,179.251708,28.178888,21.124456
288.910556,182.437772,27.614913,21.351380
284.192544,183.324310,27.389322,21.829197
276.305339,184.085401,27.789387,21.633276
271.105306,186.183362,28.454423,21.941956
262.772789,187.029022,28.720437,22.464087
256.639782,187.767957,28.826843,22.274280
262.586579,192.862860,28.364395,21.811309
257.817802,197.094345,27.689115,22.013169
252.155442,200.993416,27.419004,22.492572
244.290498,203.753714,26.834939,22.684333
235.582531,205.657833,26.601313,23.171657
226.699344,207.414172,26.507862,22.955967
217.746069,210.522016,26.008327,22.869691
207.995837,214.565154,25.359818,22.436522
199.320091,218.781739,25.549109,22.661913
189.225446,222.669043,26.086981,22.752070
178.956510,226.623965,25.839974,22.788132
167.080013,230.605934,25.292477,22.403898
154.353762,234.798051,25.073478,22.648864
140.463261,239.675568,24.985878,23.157469
127.507061,244.421265,25.399533,23.360911
113.300233,248.319544,26.027151,23.442288
97.986425,254.278856,26.278197,23.474839
80.860901,259.262581,25.916461,23.077240
