463.562700,49.826810,147.000000,71.000000
463.050000,49.025000,122.295146,91.895146
479.077427,38.577427,114.318058,98.403831
479.390971,31.648085,113.089223,99.211797
480.005388,38.594102,114.618549,97.791772
475.565725,31.954114,117.311766,95.531323
474.219117,40.434338,120.532982,92.984000
468.933509,36.195500,124.029717,90.369785
470.860141,41.177608,127.702907,87.775278
463.511046,40.637361,131.514914,85.233765
463.442543,41.908117,135.452729,82.757248
457.798636,43.146376,139.513258,80.349251
457.605871,44.350375,141.137469,78.009944
454.956265,43.682528,141.787154,75.738195
454.631423,46.655902,144.606993,74.829496
451.384004,45.272752,143.174963,73.168903
453.937518,47.940549,145.162117,72.504666
449.268942,46.435167,143.397013,72.238971
451.988994,48.405515,142.690971,72.132693
450.504514,46.621154,139.923152,72.090182
451.888424,46.642409,136.403012,72.073177
453.648494,46.650911,132.652225,72.066375
453.686388,46.654312,133.494641,72.063655
453.265180,46.655673,136.244620,72.062566
448.215190,46.656217,139.830014,72.062131
448.259993,46.656434,138.778769,72.061957
448.785616,44.819022,138.358271,72.061887
447.158365,46.656556,140.675475,72.061859
445.999763,44.819070,141.602356,72.061848
443.698822,46.656576,139.487706,72.061844
444.756147,44.819078,138.641846,72.061842
445.179077,46.656579,140.788904,72.061841
440.430548,44.819079,141.647728,72.061841
441.838636,46.656579,141.991257,72.061841
439.829371,44.819080,139.643266,72.061841
442.840867,44.819080,138.704070,72.061841
439.635465,44.819080,138.328391,72.061841
441.660804,44.819080,138.178120,72.061841
438.060940,44.819080,138.118011,72.061841
439.928494,44.819080,138.093968,72.061841
438.103016,44.819080,138.084350,72.061841
438.107825,44.819080,138.080504,72.061841
438.109748,44.819080,138.078965,72.061841
436.273018,44.819080,138.078349,72.061841
436.273325,44.819080,138.078103,72.061841
436.273448,44.819080,138.078005,72.061841
434.435998,44.819080,138.077965,72.061841
436.273517,44.819080,138.077949,72.061841
432.598525,42.981580,135.664931,72.061841
435.642535,44.819080,137.112736,72.061841
433.081132,42.981580,135.278845,72.061841
435.835577,44.819080,136.958301,72.061841
431.320849,42.981580,135.217071,72.061841
435.866464,44.819080,136.933592,72.061841
429.495704,42.981580,135.207188,72.061841
434.033906,44.819080,136.929638,72.061841
429.497681,42.981580,135.205606,72.061841
432.197197,44.819080,134.515993,72.061841
430.704503,42.981580,131.897417,72.061841
433.851291,42.981580,130.849987,72.061841
430.700006,42.981580,130.431015,72.061841
432.746992,42.981580,130.263426,72.061841
429.155787,42.981580,130.196391,72.061841
431.026805,42.981580,130.169576,72.061841
429.202712,42.981580,130.158851,72.061841
429.208075,42.981580,130.154561,72.061841
429.210220,42.981580,130.152844,72.061841
427.373578,42.981580,130.152158,72.061841
427.373921,42.981580,130.151883,72.061841
427.374058,42.981580,130.151774,72.061841
425.536613,42.981580,130.151730,72.061841
427.374135,42.981580,130.151712,72.061841
423.699144,42.981580,130.151705,72.061841
425.536647,42.981580,130.151702,72.061841
423.699149,41.144080,130.151701,72.061841
423.699149,42.981580,130.151701,72.061841
423.699150,41.144080,130.151700,72.061841
421.861650,42.981580,130.151700,72.061841
421.861650,41.144080,130.151700,72.061841
421.861650,42.981580,130.151700,72.061841
420.024150,41.144080,130.151700,72.061841
421.861650,41.144080,127.877205,72.061841
421.161398,41.144080,126.967406,72.061841
423.453797,41.144080,126.603487,72.061841
419.960757,41.144080,126.457919,72.061841
421.871040,41.144080,126.399692,72.061841
418.225154,41.144080,126.376401,72.061841
421.911799,41.144080,124.158837,72.061841
419.345582,41.144080,123.271811,72.061841
421.626595,41.144080,122.917001,72.061841
419.966500,41.144080,122.775076,72.061841
420.037462,41.144080,122.718307,72.061841
420.065847,41.144080,122.695599,72.061841
418.239701,41.144080,122.686516,72.061841
420.081742,39.306580,122.682882,72.061841
418.246059,41.144080,120.537499,72.061841
419.318751,39.306580,119.679345,72.061841
417.910327,41.144080,119.336084,72.061841
418.081958,39.306580,119.198779,72.061841
418.150610,41.144080,119.143858,72.061841
416.340571,39.306580,119.121889,72.061841
418.189056,39.306580,119.113101,72.061841
414.518449,39.306580,119.109586,72.061841
418.195207,39.306580,117.026695,72.061841
415.561653,39.306580,116.193538,72.061841
415.978231,39.306580,115.860275,72.061841
416.144862,39.306580,115.726970,72.061841
414.374015,39.306580,117.755134,72.061841
413.359933,39.306580,118.566399,72.061841
412.954300,37.469080,116.809420,72.061841
415.670290,39.306580,114.085768,72.061841
413.357116,37.469080,115.017167,72.061841
414.728916,39.306580,115.389727,72.061841
412.705137,37.469080,115.538751,72.061841
414.468125,39.306580,115.598360,72.061841
412.600820,37.469080,115.622204,72.061841
412.588898,39.306580,113.610882,72.061841
415.432059,37.469080,112.806353,72.061841
412.159324,39.306580,114.505401,72.061841
413.147299,37.469080,113.164160,72.061841
413.817920,37.469080,112.627664,73.358954
412.248668,36.820523,112.413066,72.580686
414.193467,37.209657,110.365226,72.269379
413.379887,39.202811,109.546091,72.144856
415.626955,35.590072,107.313582,73.392160
414.905709,38.641420,104.571205,72.593969
418.114397,35.365516,103.474255,72.274692
414.987873,39.200154,101.239966,72.146981
419.780017,35.589009,102.141759,72.095897
415.654121,37.452051,102.502476,72.075463
417.311262,37.462268,102.646763,72.067290
415.401619,37.466355,102.704478,72.064020
417.210261,37.467990,100.932056,72.062713
418.096472,37.468644,100.223087,72.062190
416.613457,37.468905,99.939499,72.061980
418.592750,37.469010,99.826064,72.061897
416.811968,35.631552,99.780690,72.061863
418.672155,37.469068,98.019329,72.061850
419.552835,35.631575,95.622346,72.061844
420.751327,37.469078,94.663553,72.061842
421.230724,35.631579,94.280036,72.061841
419.584982,37.469079,92.483485,72.061841
424.158258,35.631579,90.169579,72.061841
421.640211,35.631580,89.244016,72.061841
425.777992,35.631580,87.324970,72.061841
423.062515,35.631580,88.106173,72.061841
424.509413,35.631580,88.418654,72.061841
422.515673,35.631580,88.543646,72.061841
426.128177,35.631580,87.044823,72.061841
423.202589,35.631580,84.941583,72.061841
426.091708,35.631580,84.100288,72.061841
424.674856,35.631580,83.763769,72.061841
426.680615,35.631580,83.629162,72.061841
426.747919,35.631580,83.575319,72.061841
424.937340,35.631580,85.057492,72.061841
426.033754,35.631580,85.650361,72.061841
423.899820,35.631580,85.887508,72.061841
425.618746,35.631580,84.478658,72.061841
424.485671,35.631580,82.455205,72.061841
427.334897,35.631580,81.645824,72.061841
425.902088,35.631580,81.322072,72.061841
427.901464,35.631580,81.192571,72.061841
426.128715,35.631580,81.140770,72.061841
427.992115,35.631580,79.702660,72.061841
426.873670,35.631580,80.544806,72.061841
428.290097,35.631580,79.464274,72.061841
426.992863,35.631580,80.449452,72.061841
428.337774,35.631580,79.426132,72.061841
427.011934,35.631580,77.640697,72.061841
429.742151,35.631580,78.302630,72.061841
429.411185,35.631580,79.984794,72.061841
428.570103,33.794080,80.657660,72.061841
428.233670,35.631580,79.509415,72.061841
430.645292,35.631580,79.050118,72.061841
429.037441,35.631580,78.866399,72.061841
430.966801,35.631580,78.792911,72.061841
429.166045,35.631580,80.180906,72.061841
430.309547,33.794080,79.318714,72.061841
430.740643,35.631580,78.973837,72.061841
430.913081,33.794080,77.459779,73.358954
431.670110,33.145523,75.518129,73.877799
432.640935,34.723600,73.444356,74.085337
433.677822,32.782331,72.614847,72.871239
434.092577,33.389380,72.283043,72.385600
434.258478,35.469700,73.447435,72.191345
433.676283,33.729328,73.913192,72.113642
435.280904,33.768179,72.802381,72.082561
433.998809,35.621219,73.655170,72.070129
435.409915,33.789935,75.332312,72.065156
434.571344,33.792422,77.379276,72.063167
433.547862,33.793417,78.198062,72.062371
433.138469,33.793814,78.525576,72.062053
434.812212,33.793973,80.073973,72.061926
432.200514,35.631537,82.153243,72.061875
432.998378,33.794063,82.984952,72.061854
434.420024,33.794073,81.857723,72.061846
433.146139,35.631577,82.866743,72.061843
432.641628,33.794078,81.810439,72.061842
435.007280,35.631579,81.387918,72.061841
435.218541,33.794079,79.801519,72.061841
434.174241,35.631580,80.584349,72.061841
435.620325,33.794080,82.357394,72.061841
434.733803,35.631580,84.570322,72.061841
435.464839,33.794080,85.455493,72.061841
431.347254,35.631580,85.809561,72.061841
434.845220,33.794080,85.951188,72.061841
432.936906,35.631580,86.007839,72.061841
436.583580,33.794080,87.579321,72.061841
432.122840,35.631580,86.659092,72.061841
436.257954,33.794080,86.291001,72.061841
436.442000,35.631580,87.692585,72.061841
433.903707,33.794080,89.848504,72.061841
434.663248,35.631580,92.354016,72.061841
431.572992,35.631580,91.713077,72.061841
435.568462,33.794080,91.456701,72.061841
432.021649,37.469080,91.354151,72.061841
437.585425,33.794080,89.717845,72.061841
432.891077,37.469080,89.063323,72.061841
436.893339,33.794080,90.396800,72.061841
434.389100,37.469080,92.573334,72.061841
436.975833,33.794080,93.443948,72.061841
432.865526,37.469080,93.792194,72.061841
436.366403,33.794080,93.931492,72.061841
434.459254,37.469080,93.987211,72.061841
438.106394,33.794080,92.366355,72.061841
435.241823,37.469080,93.361156,72.061841
438.419422,33.794080,92.115933,72.061841
435.367034,37.469080,93.260988,72.061841
438.469506,33.794080,92.075865,72.061841
437.224567,37.469080,93.244961,72.061841
440.315020,33.794080,93.712599,72.061841
436.406201,35.631580,95.592092,72.061841
437.303954,35.631580,96.343890,72.061841
435.090555,35.631580,96.644609,72.061841
438.615196,33.794080,95.072458,72.061841
435.726271,35.631580,96.136036,72.061841
438.869482,33.794080,96.561467,72.061841
434.981766,35.631580,96.731640,72.061841
438.571680,33.794080,96.799709,72.061841
434.862646,35.631580,96.826936,72.061841
438.524032,33.794080,95.145389,72.061841
437.527305,35.631580,92.829626,72.061841
440.522687,33.794080,91.903321,72.061841
439.148340,35.631580,91.532799,72.061841
441.171101,33.794080,89.789304,72.061841
440.205348,35.631580,87.543086,72.061841
443.165957,33.794080,86.644598,72.061841
441.777701,35.631580,86.285203,72.061841
443.794898,33.794080,84.637736,72.061841
442.781132,35.631580,85.482458,72.061841
444.196271,33.794080,84.316638,72.061841
444.779181,35.631580,83.850309,72.061841
443.174845,33.794080,83.663778,72.061841
445.105611,35.631580,83.589166,72.061841
445.142917,33.794080,82.099408,72.061841
444.050296,33.794080,82.963418,72.061841
445.455791,33.794080,81.849109,72.061841
444.175445,33.794080,82.863298,72.061841
443.668351,33.794080,84.772683,72.061841
442.713658,33.794080,87.085258,72.061841
443.394871,33.794080,86.461467,72.061841
441.869266,33.794080,86.211951,72.061841
441.994025,33.794080,86.112144,72.061841
442.043928,33.794080,86.072222,72.061841
442.063889,33.794080,84.552543,72.061841
442.823729,31.956580,83.944671,72.061841
441.290164,33.794080,85.205233,72.061841
442.497384,31.956580,85.709457,72.061841
440.407772,33.794080,85.911147,72.061841
442.144427,31.956580,84.488113,72.061841
441.018444,33.794080,85.422609,72.061841
440.551195,31.956580,87.345228,72.061841
439.589886,33.794080,88.114276,72.061841
439.205362,31.956580,86.873074,72.061841
439.825963,33.794080,86.376594,72.061841
440.074203,31.956580,86.178001,73.358954
438.335999,31.308023,86.098564,73.877799
440.213218,32.886100,84.563080,72.788224
439.143460,31.593388,85.452596,72.352394
438.698702,33.648803,87.357223,72.178062
437.746388,31.898469,88.119074,72.108329
437.365463,33.770835,88.423814,72.080436
439.050593,31.947282,86.996890,73.366392
436.089055,31.304304,84.922410,73.880774
438.963795,32.884613,82.632706,72.789414
438.271147,31.592793,81.716824,72.352870
440.566588,33.648565,79.933081,72.178253
439.620959,30.060874,80.636975,72.108406
439.269013,33.770797,80.918532,72.080467
437.290734,30.109767,81.031155,72.069291
440.909423,33.790354,79.658813,73.361934
437.920593,29.469033,80.527267,73.878991
439.323866,32.885504,80.874649,72.788701
437.312676,29.755649,82.473514,72.352585
438.350743,33.648708,81.653148,72.178138
436.923426,30.060931,82.784913,72.108360
436.357543,33.770820,81.777707,72.080448
438.698646,30.109776,79.957434,72.069284
435.933783,33.790358,79.229325,72.064818
439.972837,30.117591,78.938082,72.063032
436.443459,33.793484,80.238975,72.062317
437.630513,30.118841,82.219244,72.062031
434.802878,33.793984,83.011352,72.061917
436.244324,30.119041,83.328195,72.061871
432.410902,33.794064,83.454932,72.061853
436.022534,30.119073,83.505627,72.061846
432.322186,33.794077,83.525905,72.061843
434.149547,30.119079,85.037726,72.061842
431.556137,33.794079,84.138745,72.061841
433.843128,30.119079,83.779152,72.061841
430.347924,33.794080,83.635315,72.061841
434.094842,30.119080,83.577780,72.061841
430.448610,33.794080,83.554766,72.061841
432.297617,30.119080,85.049271,72.061841
427.875365,33.794080,84.143362,72.061841
432.003319,30.119080,83.780999,72.061841
428.509500,33.794080,82.176142,72.061841
432.986929,30.119080,82.994111,72.061841
428.902945,33.794080,83.321299,72.061841
430.576851,30.119080,83.452174,72.061841
428.673913,33.794080,83.504524,72.061841
430.485238,30.119080,83.525464,72.061841
426.799768,33.794080,82.073928,72.061841
431.200536,30.119080,81.493313,72.061841
427.815843,33.794080,81.261067,72.061841
431.606966,30.119080,82.628081,72.061841
427.248459,33.794080,84.678596,72.061841
428.060702,30.119080,87.047623,72.061841
425.038688,33.794080,86.446413,72.061841
429.014293,30.119080,86.205929,72.061841
425.459535,33.794080,86.109736,72.061841
427.345132,30.119080,86.071258,72.061841
425.526871,33.794080,84.552158,72.061841
428.123921,30.119080,83.944517,72.061841
424.752741,31.956580,83.701461,72.061841
428.549269,30.119080,83.604239,72.061841
424.922881,31.956580,83.565350,72.061841
428.617325,30.119080,83.549794,72.061841
424.950103,31.956580,83.543572,72.061841
428.628214,30.119080,83.541083,72.061841
424.954458,31.956580,83.540088,72.061841
426.792456,30.119080,83.539689,72.061841
424.955155,31.956580,85.043240,72.061841
426.040880,30.119080,85.644660,72.061841
423.902670,31.956580,85.885228,72.061841
423.782386,30.119080,84.477745,72.061841
426.323627,31.956580,83.914752,72.061841
422.930124,28.281580,83.689555,72.061841
424.880222,31.956580,83.599476,72.061841
424.925262,30.119080,83.563445,72.061841
423.105778,30.119080,83.549032,72.061841
424.950484,30.119080,83.543267,72.061841
423.115866,30.119080,83.540961,72.061841
423.117019,30.119080,83.540039,72.061841
423.117481,30.119080,83.539670,72.061841
421.280165,30.119080,82.079610,72.061841
423.847695,30.119080,81.495586,72.061841
422.302207,30.119080,81.261976,72.061841
424.256512,30.119080,81.168533,72.061841
420.628234,30.119080,81.131155,72.061841
424.321922,30.119080,81.116204,72.061841
420.654398,30.119080,81.110224,72.061841
424.332388,30.119080,81.107831,72.061841
420.658584,30.119080,81.106875,72.061841
422.496563,30.119080,81.106492,72.061841
420.659254,28.281580,81.106339,72.061841
422.496831,31.956580,82.566190,72.061841
418.091905,28.281580,83.150130,72.061841
421.474935,31.956580,83.383706,72.061841
417.683147,28.281580,83.477137,72.061841
419.473932,31.956580,85.018219,72.061841
418.703391,28.281580,85.634651,72.061841
416.557674,31.956580,84.377515,72.061841
419.023743,28.281580,83.874660,72.061841
417.437670,30.119080,82.213606,72.061841
420.105697,28.281580,83.009097,72.061841
416.032952,30.119080,83.327293,72.061841
419.548854,28.281580,84.958281,72.061841
415.058359,30.119080,85.610676,72.061841
418.407162,28.281580,85.871634,72.061841
414.601683,30.119080,85.976018,72.061841
416.386991,28.281580,86.017771,72.061841
414.528614,30.119080,86.034472,72.061841
416.357764,28.281580,86.041153,72.061841
414.516924,30.119080,86.043825,72.061841
414.515587,28.281580,86.044894,72.061841
414.515053,30.119080,86.045322,72.061841
414.514839,28.281580,86.045493,72.061841
412.677254,30.119080,86.045561,72.061841
414.514720,28.281580,86.045588,72.061841
412.677206,30.119080,84.541890,72.061841
415.266555,28.281580,83.940410,72.061841
411.892295,30.119080,83.699818,72.061841
415.687591,28.281580,83.603582,72.061841
412.060709,30.119080,83.565087,72.061841
413.917457,26.444080,85.053399,72.061841
411.335801,31.956580,85.648723,72.061841
412.875638,26.444080,84.383144,72.061841
411.670928,31.956580,85.380621,72.061841
409.334689,26.444080,84.275903,72.061841
413.562049,30.119080,85.337725,72.061841
409.356137,26.444080,84.258744,73.358954
411.733128,29.470523,83.827152,72.580686
410.111424,26.184657,82.194603,72.269379
410.927699,30.015311,81.541583,72.144856
411.254208,26.402572,81.280375,72.095047
411.384812,30.102477,81.175892,72.075123
409.599554,26.437438,81.134099,72.067154
411.457951,30.116423,81.117382,72.063966
409.628809,26.443017,81.110695,72.062691
411.469653,30.118655,81.108020,72.062181
409.633490,26.443910,81.106950,72.061977
409.634025,30.119012,81.106522,72.061895
409.634239,26.444052,81.106351,72.061863
407.796825,30.119069,81.106282,72.061850
409.634359,26.444075,81.106255,72.061844
407.796873,28.281578,81.106244,72.061842
409.634378,26.444079,81.106240,72.061841
407.796880,28.281579,81.106238,72.061841
407.796881,26.444079,81.106237,72.061841
407.796881,28.281580,82.566149,72.061841
405.229425,26.444080,83.150114,72.061841
406.774943,28.281580,84.887410,72.061841
404.068795,26.444080,85.582328,72.061841
403.721336,28.281580,85.860295,72.061841
403.582352,26.444080,84.467772,72.061841
404.278614,28.281580,83.910763,72.061841
402.719618,26.444080,85.191669,72.061841
403.916665,28.281580,85.704032,72.061841
401.822984,26.444080,85.908977,72.061841
403.558012,28.281580,85.990955,72.061841
399.842023,26.444080,86.023746,72.061841
403.500627,28.281580,87.585683,72.061841
399.044658,24.606580,86.661637,72.061841
401.344181,28.281580,84.788309,72.061841
402.280845,24.606580,84.038978,72.061841
400.818011,28.281580,83.739245,72.061841
402.805377,24.606580,83.619352,72.061841
401.027824,28.281580,83.571395,72.061841
401.051802,24.606580,85.055922,72.061841
400.309539,28.281580,84.146023,72.061841
400.764488,24.606580,83.782064,72.061841
399.108968,28.281580,85.140189,72.061841
400.267405,24.606580,85.683440,72.061841
398.158280,28.281580,85.900740,72.061841
399.887130,24.606580,85.987660,72.061841
396.168670,28.281580,86.022428,72.061841
399.826286,24.606580,86.036335,72.061841
396.144332,28.281580,86.041898,72.061841
397.979051,24.606580,86.044123,72.061841
397.977938,28.281580,86.045013,72.061841
396.139993,24.606580,86.045369,72.061841
397.977315,28.281580,86.045512,72.061841
396.139744,24.606580,86.045569,72.061841
397.977216,28.281580,86.045591,72.061841
394.302204,24.606580,84.541891,72.061841
398.729055,28.281580,83.940411,72.061841
395.354795,24.606580,82.239906,73.358954
398.042547,25.795523,81.559705,72.580686
396.545148,26.184657,79.870233,72.269379
399.227383,26.340311,79.194445,72.144856
397.727778,24.565072,78.924129,72.095047
397.862935,26.427477,80.233394,72.075123
397.208303,24.599938,80.757100,72.067154
395.108950,28.278923,80.966582,72.063966
396.841709,24.605517,81.050375,72.062691
394.962313,28.281155,82.543804,72.062181
396.053098,24.606410,83.141176,72.061977
393.916912,28.281512,83.380125,72.061895
393.797438,24.606552,83.475704,72.061863
393.749648,28.281569,83.513936,72.061850
393.730532,24.606575,83.529229,72.061844
393.722886,28.281578,83.535346,72.061842
391.882327,24.606579,83.537793,72.061841
393.718604,28.281579,83.538771,72.061841
391.880614,24.606579,83.539163,72.061841
393.717919,28.281580,83.539319,72.061841
390.042840,24.606580,85.043092,72.061841
392.965954,28.281580,85.644601,72.061841
388.990200,24.606580,85.885204,72.061841
390.707398,28.281580,85.981446,72.061841
390.659277,24.606580,84.516233,73.358954
391.391884,25.795523,82.470235,72.580686
392.414882,24.347157,80.234446,72.269379
391.695277,28.177811,77.964022,72.144856
394.667989,22.727572,78.431960,72.095047
390.759020,28.264977,78.619136,72.075123
394.340432,22.762438,78.694006,72.067154
390.627997,28.278923,78.723954,72.063966
392.450523,22.768017,80.153324,72.062691
389.898338,28.281155,79.307681,72.062181
392.158660,22.768910,78.969424,72.061977
390.490288,28.281512,78.834121,72.061895
390.557939,22.769052,78.780000,72.061863
388.747500,28.281569,80.175742,72.061850
389.887129,22.769075,80.734039,72.061844
387.770481,28.281578,80.957358,72.061842
389.496321,22.769079,82.506597,73.358955
385.046701,25.795523,84.630003,72.580686
385.822499,24.347157,85.479365,72.269379
383.560317,26.340310,85.819110,72.144856
385.227945,22.727572,85.955008,72.095047
383.322496,28.264977,86.009367,72.075123
383.295316,22.762438,86.031111,72.067154
381.446945,28.278923,86.039808,72.063966
383.280096,22.768017,86.043287,72.062691
381.440856,28.281155,86.044679,72.062181
381.440161,22.768910,87.594056,72.061977
378.827972,28.281512,88.213807,72.061895
380.355596,22.769052,88.461708,72.061863
378.394146,26.444069,90.156154,72.061850
377.546923,22.769075,92.477076,72.061844
374.548962,26.444078,93.405445,72.061842
375.922278,22.769079,93.776792,72.061841
372.061604,26.444079,93.925331,72.061841
373.824834,22.769079,93.984747,72.061841
371.957626,26.444080,94.008513,72.061841
371.945743,22.769080,95.710458,72.061841
369.257271,26.444080,94.698798,72.061841
373.438101,22.769080,94.294134,72.061841
368.127933,28.281580,94.132268,72.061841
371.883866,22.769080,95.759960,72.061841
367.395020,26.444080,96.411037,72.061841
367.069482,22.769080,96.671468,72.061841
366.939266,26.444080,96.775640,72.061841
366.887180,22.769080,98.560521,72.061841
362.319740,28.281580,99.274473,72.061841
365.637764,22.769080,99.560054,72.061841
361.819973,26.444080,99.674286,72.061841
363.600357,22.769080,99.719979,72.061841
359.902511,26.444080,99.738256,72.061841
363.568372,22.769080,99.745567,72.061841
359.889717,26.444080,99.748491,72.061841
359.888254,22.769080,99.749661,72.061841
358.050169,26.444080,99.750129,72.061841
358.049936,22.769080,99.750316,72.061841
358.049842,26.444080,99.750391,72.061841
356.212305,20.931580,101.545929,72.061841
355.314536,26.444080,102.264144,72.061841
353.117928,20.931580,102.551430,72.061841
354.811785,26.444080,102.666344,72.061841
351.079328,20.931580,102.712310,72.061841
352.893845,26.444080,104.580070,72.061841
348.284965,20.931580,105.327174,72.061841
349.748913,26.444080,105.626015,72.061841
345.924492,20.931580,107.650406,72.061841
346.749797,26.444080,108.460162,72.061841
344.507419,20.931580,108.784065,72.061841
344.345468,26.444080,108.913626,72.061841
342.443187,20.931580,108.965450,72.061841
342.417275,24.606580,110.948180,72.061841
339.588410,20.931580,111.741272,72.061841
339.191864,24.606580,112.058509,72.061841
337.195746,20.931580,112.185404,72.061841
338.969798,24.606580,112.236161,72.061841
335.269419,20.931580,112.256465,72.061841
337.096768,24.606580,114.285446,72.061841
332.407277,20.931580,115.097038,72.061841
335.676481,24.606580,115.421675,72.061841
330.001662,20.931580,115.551530,72.061841
333.611735,24.606580,115.603472,72.061841
329.910764,20.931580,117.705735,72.061841
328.859633,24.606580,120.690570,72.061841
325.529715,20.931580,121.884504,72.061841
326.770248,24.606580,122.362078,72.061841
322.856461,20.931580,122.553107,72.061841
324.598446,24.606580,122.629519,72.061841
320.885240,20.931580,124.868332,72.061841
321.603334,22.769080,125.763857,72.061841
317.480571,20.931580,126.122067,72.061841
319.138966,22.769080,128.539847,72.061841
314.255076,20.931580,129.506959,72.061841
315.609020,22.769080,129.893804,72.061841
311.740598,20.931580,130.048542,72.061841
315.338229,22.769080,130.110437,72.061841
309.794782,20.931580,130.135195,72.061841
313.457403,22.769080,130.145098,72.061841
307.939951,20.931580,130.149059,72.061841
311.612970,22.769080,130.150644,72.061841
306.099678,20.931580,130.151278,72.061841
309.774361,20.931580,132.494262,72.061841
303.090369,20.931580,133.431456,72.061841
302.621772,20.931580,136.219346,72.061841
297.552827,20.931580,137.334502,72.061841
298.832749,20.931580,140.265967,72.061841
291.854517,20.931580,138.953150,72.061841
296.185925,20.931580,138.428023,72.061841
292.773488,20.931580,138.217973,72.061841
294.716014,19.094080,138.133952,72.061841
291.083024,22.769080,140.585747,72.061841
291.694626,17.256580,141.566465,72.061841
287.529267,22.769080,141.958752,72.061841
289.170624,17.256580,142.115667,72.061841
283.579666,22.769080,139.693030,72.061841
290.303485,17.256580,141.209378,72.061841
282.195311,22.769080,141.815918,72.061841
287.404541,17.256580,142.058533,72.061841
279.933233,22.769080,142.155580,72.061841
287.234710,17.256580,142.194398,72.061841
279.865301,20.931580,142.209925,72.061841
283.532537,19.094080,142.216136,72.061841
278.016932,19.094080,142.218621,72.061841
281.690690,19.094080,142.219615,72.061841
276.177693,19.094080,142.220012,72.061841
279.852494,19.094080,142.220171,72.061841
274.339914,19.094080,142.220235,72.061841
276.177383,19.094080,142.220260,72.061841
272.502370,19.094080,142.220270,72.061841
274.339865,19.094080,139.734871,72.061841
273.745064,19.094080,138.740712,72.061841
274.242144,19.094080,138.343048,72.061841
272.603476,19.094080,138.183983,72.061841
272.683009,19.094080,138.120356,72.061841
270.877322,17.256580,138.094906,72.061841
270.890047,19.094080,140.570129,72.061841
267.814936,17.256580,141.560218,72.061841
265.482391,19.094080,141.956253,72.061841
267.121873,17.256580,144.674633,72.061841
262.087684,19.094080,145.761984,72.061841
263.381508,17.256580,146.196925,72.061841
259.489038,19.094080,146.370901,72.061841
263.077049,17.256580,146.440492,72.061841
257.529754,19.094080,146.468328,72.061841
261.190836,15.419080,149.116226,72.061841
254.354387,19.094080,150.175386,72.061841
257.499807,15.419080,150.599049,73.358954
251.775475,18.445523,148.131751,72.580686
258.521625,15.159657,144.584867,72.269379
252.945067,18.990311,143.166113,72.144856
259.166944,15.377572,142.598611,72.095047
252.100694,19.077477,144.931576,72.075123
258.284212,15.412438,148.501525,72.067154
249.149237,19.091423,149.929505,72.063966
252.110247,15.418017,150.500697,72.062691
246.312151,19.093655,150.729174,72.062181
249.872913,15.418910,150.820565,72.061977
244.314718,19.094012,148.220357,73.359008
251.127321,12.932996,144.620309,73.877821
245.577345,18.186090,140.694887,72.788233
253.052557,13.218384,141.610121,72.352398
247.082439,18.948801,141.976215,72.178064
250.574393,15.360968,142.122652,72.108330
244.988674,19.070835,142.181227,72.080436
248.634386,13.572282,142.204657,72.069279
243.110171,19.090360,142.214029,72.064816
248.617985,13.580092,142.217778,72.063031
241.266111,19.093485,142.219277,72.062317
246.777861,13.581342,144.779842,72.062031
239.985079,19.093984,143.244103,72.061917
244.427948,13.581541,145.189772,73.358984
237.942614,16.608008,143.408075,72.580698
244.345962,15.159651,145.255361,72.269384
236.072319,17.152808,143.434311,72.144858
240.657845,15.377571,145.265856,72.095048
234.229572,17.239976,143.438508,72.075124
236.980746,15.412438,145.267535,72.067154
232.391233,17.253923,145.999145,72.063966
233.862927,13.580517,148.928553,72.062691
228.723223,17.256155,150.100316,72.062181
229.974842,13.581410,150.569022,72.061977
227.902989,17.256512,153.472371,72.061895
222.776315,11.744052,154.633710,72.061863
224.033145,17.256569,155.098246,72.061850
221.963377,11.744075,155.284060,72.061844
221.870470,17.256578,155.358386,72.061842
221.833307,11.744079,152.672250,73.358955
225.013875,16.608023,148.961031,72.580686
221.356984,11.484657,144.916579,72.269379
228.891711,17.152810,140.813395,72.144856
225.430803,11.702572,139.172121,72.095047
228.088939,17.239977,141.001015,72.075123
223.499493,11.737438,141.732572,72.067154
224.971214,17.253923,142.025195,72.063966
221.149902,11.743017,144.702209,73.359804
219.811395,16.607598,143.213050,72.581026
226.068475,11.484487,145.177351,72.269515
217.736324,15.315243,145.963072,72.144910
221.018464,13.540045,143.717395,72.095069
218.466303,15.402466,145.379089,72.075132
217.635455,13.574934,146.043767,72.067157
217.303117,15.416421,146.309638,72.063967
215.332681,13.580516,146.415986,72.062691
213.442007,15.418654,146.458526,72.062181
215.258237,11.743909,146.475542,72.061977
211.574729,15.419012,149.119112,72.061895
213.927944,11.744052,147.539776,73.358976
211.042612,14.770512,149.544806,72.580695
211.877597,9.647153,153.062684,72.269382
206.443658,15.315309,157.267179,72.144857
208.016411,11.702571,156.151633,73.392161
204.899183,12.916420,158.502758,72.593969
201.886121,13.315516,159.443208,72.274692
206.928396,11.637654,157.022045,73.444094
202.626477,11.052953,153.337713,75.247882
206.306143,10.151059,149.227217,77.345504
204.686392,9.102248,147.583018,78.184553
205.508491,8.682723,146.925338,78.520173
203.999831,10.352414,149.299030,77.278313
200.975485,9.135843,152.964374,76.781569
200.980313,11.221715,151.714645,75.246845
203.442678,8.314077,148.577989,74.632956
201.336005,12.296022,147.323327,73.090287
200.125837,9.392357,144.261497,72.473219
203.494252,13.375890,143.036765,72.226392
200.431617,9.824304,145.106837,73.424775
199.396581,11.062613,148.571630,73.904127
197.664185,8.985436,152.673414,75.431895
195.613293,10.059052,151.598261,77.419110
196.150870,5.390445,148.531436,79.631386
194.009282,6.121807,149.941469,79.098906
193.304265,6.388047,153.221350,77.509806
189.826825,7.182597,154.533302,75.538140
192.845849,8.168430,152.342216,76.085500
190.266392,7.894750,148.829018,74.968418
192.022991,6.615791,150.060502,73.224472
189.569749,9.325264,153.268963,72.526893
187.965519,7.836553,157.349690,73.544975
184.087655,9.165013,161.863244,72.655094
181.830878,9.609953,160.787402,72.299142
182.368799,9.787929,157.559723,72.156761
183.982639,9.859119,153.552784,73.396922
185.986108,9.239039,154.665876,72.595873
183.592062,9.639563,157.908455,72.275454
181.970772,9.799773,162.086750,72.147286
179.881625,9.863857,163.758068,72.096019
177.208466,9.889491,164.426595,72.075512
175.036702,9.899744,161.812743,73.364422
176.343629,7.417789,157.969859,75.216013
174.590070,6.491993,153.716839,77.332757
182.229081,3.596122,152.015631,76.803347
175.729685,7.535827,148.698383,77.967690
184.738308,5.116155,144.811520,78.433428
177.494240,4.883286,143.256774,78.619723
181.946613,2.952639,140.149473,80.111631
179.825264,4.044184,141.391955,80.708394
175.529022,1.908303,144.448913,80.947100
177.675543,1.788950,145.671697,81.042582
171.551652,3.578709,148.797574,81.080775
175.501213,3.559613,152.763792,81.096052
168.005604,1.714474,157.147621,79.684772
165.813689,2.420114,158.901153,77.744153
166.774423,3.390423,156.805223,76.967905
167.822388,3.778547,158.764194,75.321380
163.167903,6.439310,156.750440,74.662770
167.849780,4.931115,153.229071,74.399325
165.935464,6.900337,154.536390,74.293948
167.119305,5.115526,152.343451,75.587823
164.540774,6.306088,151.466276,76.105373
170.491862,4.209813,153.831272,77.688501
161.959364,5.255750,154.777271,78.321752
166.998865,3.101624,157.953013,78.575052
158.060993,6.649974,162.104573,78.676372
159.660213,1.086814,166.732898,78.716900
153.671051,2.904050,165.616527,78.733112
156.066736,2.895944,165.169979,77.363489
158.127511,3.580756,167.959061,76.815640
153.057970,3.854680,166.106992,76.596500
155.821504,3.964250,165.366165,76.508844
156.191918,5.845578,165.069834,76.473782
154.502583,4.025609,164.951302,76.459757
154.561849,5.870122,162.022625,76.454147
156.026187,5.872927,160.851155,76.451903
152.936922,4.036549,157.585224,76.451005
149.057388,5.874497,159.076194,76.450646
155.661903,5.874677,159.672583,76.450503
151.688709,5.874749,162.792401,75.114419
150.128799,6.542791,161.159065,74.579985
147.270467,6.810007,163.386994,73.069099
151.669003,7.565451,164.278166,73.761857
147.548417,7.219071,167.602335,75.374987
144.048832,6.412507,168.932003,74.684212
145.221498,6.757894,169.463870,75.743929
143.118065,4.390535,166.708916,76.167816
142.658042,6.016092,162.725671,77.713478
146.487164,3.405761,161.132373,78.331743
141.771313,4.934129,160.495054,77.202941
145.764973,3.661029,157.442784,75.415394
143.616108,6.392303,153.506009,74.700375
147.421996,6.749812,149.294535,74.414368
144.015233,5.055316,150.246709,73.002852
147.214145,7.598574,147.990815,72.438245
144.667093,7.880877,149.725221,72.212403
143.799889,7.993799,153.134850,72.122066
140.257575,6.201467,154.498702,72.085931
139.575649,8.057035,155.044243,72.071477
139.302879,6.226762,155.262459,72.065695
137.356270,8.067152,152.633879,72.063383
140.508061,6.230809,151.582447,72.062458
139.196277,8.068771,151.161874,72.062088
139.406563,4.393956,150.993645,72.061940
137.653178,8.069030,150.926353,72.061880
139.524323,4.394060,150.899436,72.061857
135.862782,8.069072,150.888670,72.061847
137.705665,4.394076,148.247599,73.358956
140.863700,5.583022,149.827935,72.580687
134.561033,5.972156,147.823305,73.566492
137.400847,3.641754,149.658217,72.663701
132.808391,7.768149,153.108049,72.302585
131.083476,4.273707,157.285324,72.158139
127.157338,8.020931,161.837498,72.100360
124.881251,4.374820,163.658367,73.374362
127.645816,5.575319,161.505452,73.883962
125.047274,5.320519,157.846943,74.087803
128.714029,3.381099,159.180882,75.505365
129.884559,2.672317,159.714458,76.072390
135.130271,4.226305,157.130545,77.675308
132.747227,-0.250154,153.381113,76.940367
130.946943,3.792316,154.597207,75.310365
134.013896,0.932318,155.083645,74.658363
130.095678,4.933318,158.075563,73.100450
132.274719,3.874775,156.474987,73.774398
125.725006,5.375301,155.834757,72.746864
127.882622,2.214068,158.376008,72.335850
124.774496,6.094575,162.273771,72.171444
124.663114,4.339278,163.832876,72.105682
122.046062,6.209659,164.456519,72.079377
118.059241,4.385311,167.673676,72.068855
121.963162,4.390572,168.960540,72.064647
115.807230,6.230177,169.475285,72.062963
113.712358,2.556018,172.737915,72.062290
117.593542,6.231355,174.042967,72.062020
105.916016,4.393990,174.564988,72.061913
103.817506,6.231544,177.922230,72.061870
103.976385,4.394065,182.508014,72.061852
103.520993,6.231574,187.682502,72.061845
104.608749,4.394077,186.412123,73.358956
101.568939,5.583022,189.244145,72.580687
100.152927,4.134657,193.817333,72.269379
103.378834,6.127810,199.190198,72.144856
91.504901,4.352572,204.989242,72.095047
95.955379,6.214977,207.308860,72.075123
89.283070,4.387438,204.586809,73.364267
96.156596,5.580367,203.497989,75.215951
89.351006,0.979525,203.062460,75.956625
96.918770,6.121688,202.888249,76.252894
87.818375,0.461053,202.818565,76.371402
97.040718,5.914299,199.247101,76.418805
87.801450,0.378098,194.378136,76.437766
93.910932,4.043617,189.090377,75.109324
89.204812,1.032838,183.732386,75.913974
90.046307,2.468013,178.440755,74.899807
90.854622,2.975096,173.267371,75.830167
89.766314,0.672416,171.198018,76.202311
90.800991,2.323845,173.427008,77.727276
91.523996,1.561362,171.261872,78.337262
90.769064,-0.581131,170.395818,78.581256
91.202091,1.134372,167.081695,77.302747
91.021652,-0.063873,168.723747,78.167450
93.875626,-0.496225,169.380568,78.513332
91.709716,1.168334,169.643296,77.275577
93.415852,1.787212,166.780686,75.444448
94.847157,2.702776,168.603344,73.414884
90.260828,0.042558,166.364705,72.603058
95.055147,4.123471,168.436951,72.278328
90.344024,0.610836,172.322582,72.148436
95.751209,4.350782,173.876834,72.096479
87.624083,2.539261,177.646969,72.075696
93.089016,4.387152,176.006589,73.364496
84.721706,1.905252,178.498871,72.582903
90.825565,4.133549,176.347349,73.567379
84.551325,1.803811,178.635175,72.664056
92.594913,4.092972,176.401871,73.599840
82.686564,1.787580,178.656984,72.677041
90.746508,2.248980,179.559029,72.307921
82.945486,2.433540,183.162734,72.160273
90.331133,2.507364,184.604216,72.101214
80.422892,0.699393,181.937921,73.374703
89.106039,3.737648,184.114291,75.220125
78.830355,-0.860063,181.741951,75.958294
87.366524,2.445853,180.793016,76.253562
80.490992,0.460719,183.656328,77.747776
86.409336,1.551112,181.558767,76.969355
78.270617,1.940323,183.962629,76.657986
86.256186,-1.578993,181.681287,76.533439
80.046857,0.320781,184.011637,77.859727
86.231682,-0.342363,181.700890,77.014135
78.199555,0.080433,184.019478,76.675898
86.227761,0.249551,181.704026,76.540603
76.360487,0.317198,184.020733,75.150459
84.389634,1.012270,181.704528,74.594401
76.360236,1.290299,184.020934,73.074865
84.389533,2.050068,181.704609,73.764164
76.360196,1.705418,177.629645,75.375910
85.747678,-0.937955,172.942927,77.396715
78.903537,-0.110858,168.100539,78.205038
86.837231,-2.352519,166.163584,78.528367
87.805708,-2.514183,165.388801,77.281591
88.193099,-1.890795,165.078889,75.446854
82.835556,-0.973427,164.954923,74.712959
86.572538,-0.606480,162.024074,75.755428
88.037963,-1.127714,158.054392,76.172415
91.860304,-3.173708,159.263862,77.715318
80.230569,-0.270159,162.628913,78.332479
85.898044,-0.578739,166.942634,78.579343
78.228683,1.135329,168.668123,77.301981
86.553439,-1.900991,166.390617,75.455010
76.667191,0.859995,165.479615,74.716222
84.472693,-0.608111,168.082915,75.756733
77.658543,0.709134,172.180967,77.549045
84.797016,-3.862022,176.968622,78.265969
75.053189,-4.220485,182.126571,79.970130
77.986714,-3.235065,180.946864,82.111706
74.901568,-2.468353,177.326547,81.508425
82.224227,-4.004212,179.026854,82.727024
74.024073,-6.451012,182.949864,84.718174
79.412568,-5.609087,181.276181,85.514633
72.899410,-6.007317,177.458273,85.833217
82.158363,-6.166609,179.079544,87.509472
73.997728,-8.842236,182.970940,89.775259
77.564530,-9.975130,181.284611,90.681574
71.057694,-12.265787,183.852967,92.687244
78.961017,-9.593622,181.637422,93.489512
70.881289,-11.832256,183.994091,93.810419
78.890455,-11.992710,181.693872,93.938782
70.853064,-13.894391,184.016671,95.682566
77.041665,-12.928783,188.285964,96.380079
65.719518,-11.440040,186.653508,98.402296
73.885746,-10.613648,189.340699,99.211183
65.192150,-14.693092,193.855954,97.791526
72.122023,-13.983263,192.221678,97.223663
65.589161,-11.861832,191.567967,98.739730
73.266017,-14.457365,187.966309,99.346156
67.716846,-12.923078,186.525646,101.384235
75.787177,-15.779618,185.949381,102.199466
68.725310,-16.187233,182.475987,100.730051
77.812006,-17.290026,184.329517,100.142285
69.535241,-16.996142,185.070929,99.907179
78.352035,-16.878589,185.367494,101.608644
70.853753,-15.891822,182.243233,102.289230
79.765884,-14.394615,177.845094,100.765957
72.777453,-15.470478,179.234273,98.413436
81.270364,-16.131718,176.641510,95.779989
75.216745,-18.489994,172.547673,93.083466
82.776163,-18.979233,167.942437,90.409571
79.566281,-17.642286,166.100343,90.935299
85.999829,-19.742649,168.331206,89.550304
79.371897,-17.212652,169.223552,90.591592
80.763224,-17.733296,169.580490,92.651251
80.584755,-18.763126,169.723265,93.475115
80.513368,-21.012558,166.812674,92.161516
85.643663,-20.355758,168.616139,90.040791
79.229431,-19.295396,169.337524,87.643680
84.381238,-16.259340,169.626079,85.181126
78.724461,-15.028063,172.798233,85.699815
82.650884,-18.962407,177.215528,84.403580
76.767236,-12.801790,178.982446,85.388796
81.396277,-18.806898,179.689214,84.279173
75.530393,-12.739586,179.971921,83.835323
80.901540,-18.030162,180.085003,82.197871
73.494998,-13.536436,176.981802,83.002803
82.396599,-17.613901,175.740522,81.864863
77.504739,-13.369932,175.244010,82.869600
83.265495,-17.547300,175.045405,81.811582
76.014797,-15.180791,174.965963,81.388375
83.404518,-16.806687,171.877454,79.801701
81.273773,-12.338351,173.698783,79.167032
84.038109,-15.696016,174.427314,77.537057
78.161343,-13.043528,171.661995,75.549040
86.894003,-13.887020,170.555867,74.753834
80.097067,-11.651917,173.170148,75.771778
84.302426,-13.998389,177.364294,74.842929
76.692853,-9.858964,179.041953,75.807416
83.204024,-14.016208,176.564582,74.857184
77.092709,-11.703592,178.722068,74.477091
83.363966,-11.513546,179.585062,74.325054
75.582469,-13.275027,176.781826,72.967126
84.334087,-8.921063,172.603799,73.721068
84.585600,-12.973034,167.964888,74.022645
86.905056,-11.286322,166.109323,74.143276
85.995338,-13.184138,165.367097,72.894415
88.203951,-10.722207,168.037908,73.691984
83.193546,-12.958492,169.106232,75.347038
86.334384,-11.948519,172.590294,76.009059
79.079853,-14.117030,170.927187,76.273868
87.261407,-10.574434,167.294243,77.755899
85.402879,-14.990449,168.808766,78.348711
84.645617,-13.449355,166.446874,80.003226
89.501563,-16.114113,168.469819,79.247642
81.140091,-13.898821,166.311296,77.569301
89.569352,-13.059650,165.447886,78.274072
84.488557,-15.249536,165.102522,78.555980
88.336239,-13.552990,162.083114,80.086134
89.845943,-16.155567,163.756614,80.698196
85.334193,-16.461598,164.426013,80.943020
88.674493,-14.746510,161.812510,79.623560
89.981245,-15.924280,163.648372,79.095775
87.225814,-13.822888,164.382717,80.302052
86.858642,-16.263526,161.795192,80.784563
91.827404,-16.504781,160.760181,80.977567
90.507409,-14.763784,157.548835,79.637378
93.950583,-15.931189,159.061639,79.101303
91.356681,-13.825651,156.869417,78.886873
92.452791,-15.555936,155.992529,78.801101
94.728736,-13.675550,152.925907,77.390684
98.099547,-12.970342,149.062494,75.490491
96.356253,-13.857746,150.153893,73.433301
99.485554,-10.991651,150.590452,72.610425
97.429774,-12.417712,153.480943,72.281274
95.984529,-10.415637,154.637139,72.149614
95.406430,-12.187307,152.383751,72.096950
98.370625,-10.323475,148.845632,72.075885
100.139684,-12.150442,150.067148,72.067458
97.691426,-12.146229,147.918990,72.064088
100.603005,-10.307044,149.696491,72.062740
97.876754,-10.306370,153.123359,72.062200
96.163321,-10.306100,154.494105,72.061985
95.477947,-10.305992,155.042404,72.061898
97.041298,-10.305949,158.059067,72.061864
90.020467,-10.305932,156.468389,72.061850
98.165806,-8.468425,158.629460,72.061845
91.572770,-10.305922,159.493889,72.061842
96.653056,-8.468421,162.720924,72.061841
89.527038,-10.305921,161.130474,73.358954
95.834763,-10.954477,163.375558,72.580686
87.362221,-10.565343,161.392328,73.566492
95.703836,-11.058246,157.801693,72.663701
93.824153,-8.769351,153.649572,72.302585
99.575214,-10.426293,154.704591,72.158139
93.535205,-10.354069,152.410732,72.100360
100.194634,-10.325180,154.209055,72.077248
93.782973,-10.313624,152.212517,72.068004
102.131242,-10.309002,154.129769,72.064306
95.660116,-10.307153,154.896670,72.062827
98.951665,-10.306413,158.000773,72.062235
91.887114,-10.306118,156.445071,72.061999
100.014964,-10.305999,158.620133,72.061904
91.577433,-8.468452,159.490158,72.061866
98.492421,-10.305933,162.719431,72.061851
89.527784,-8.468425,161.129877,72.061845
97.672561,-10.305922,163.375319,72.061842
89.199841,-10.305921,161.392232,73.358955
97.541384,-12.791977,157.801655,73.877799
91.986673,-9.376400,156.365424,72.788224
100.054788,-10.669112,153.075065,72.352394
96.187468,-6.776197,151.758921,72.178062
102.358039,-8.526531,151.232464,72.108329
97.108768,-8.491665,148.385117,72.080436
104.044942,-8.477718,149.882942,72.069279
97.783529,-8.472140,147.845308,72.064816
104.314846,-10.307408,149.667018,72.063031
97.891491,-6.631515,147.758939,72.062317
104.358031,-8.468658,144.435742,73.359144
104.182129,-9.117072,145.666428,72.580762
105.404286,-8.727881,148.795466,72.269409
98.327267,-6.734705,147.410318,72.144868
106.369841,-6.672434,144.296293,72.095052
100.576853,-2.972526,145.610649,72.075125
103.594676,-2.962563,143.576426,73.364268
106.449287,-5.444634,145.322701,73.879925
103.738649,-3.864962,143.461247,75.422214
106.506877,-4.636107,140.231262,77.415237
104.446869,-1.957619,141.424671,76.836339
111.200164,-5.343170,141.902035,75.268753
107.286483,-4.559377,139.607577,73.344606
110.271211,0.077697,141.175197,73.872060
105.812401,-0.186030,139.316842,75.419068
114.091579,-2.797034,138.573500,77.413979
108.950750,-1.956989,135.863151,78.211943
117.655925,-4.193471,134.779011,79.948519
112.685494,-3.224260,136.758368,79.225759
117.208316,-2.862880,140.035513,77.560548
111.894743,-0.192774,141.346372,76.894463
113.076814,-1.697232,139.385312,75.292003
115.894844,-0.896001,138.600888,73.353906
114.449556,-1.764453,135.874106,73.875780
121.325447,-2.025390,132.440663,72.787416
119.367169,-1.481208,128.792790,73.649184
126.703605,-1.912092,129.608136,73.993891
120.783432,-0.246946,129.934275,75.467801
126.132863,-0.983900,130.064730,74.721338
120.555135,-0.610669,127.842416,75.758779
127.178792,-1.129390,126.953491,74.837729
122.110754,-0.668865,124.389673,75.805336
128.905164,-1.152668,125.572393,74.856352
122.801303,-2.515676,123.837234,75.812785
131.018883,-2.993892,120.999239,74.859332
128.762880,-6.192166,117.782556,74.477950
135.883722,-4.163975,118.577368,75.661424
131.811316,-4.755712,116.813807,77.510921
138.205596,-5.680461,118.189869,79.668111
133.842566,-4.921555,116.658807,81.990899
138.283096,-7.920449,114.025523,84.423723
137.762239,-10.974362,114.993069,85.396853
135.440965,-11.460927,113.359228,84.282396
141.770386,-12.741198,110.743691,85.340322
137.565654,-9.595161,107.792622,84.259783
144.553689,-10.892392,108.517049,82.367655
140.516476,-8.108828,108.806820,80.193414
147.721590,-5.184207,107.017873,79.323717
144.941063,-4.749358,108.207149,78.975838
144.346425,-2.737919,110.644860,77.460579
146.802570,-0.142790,111.619944,75.518449
151.827528,4.503275,112.009978,76.077624
146.120011,-1.288812,114.186851,74.965267
152.381574,2.942366,113.036740,73.223211
145.606630,0.138394,110.614696,73.823502
152.330152,3.513249,111.607878,75.399645
146.321061,-4.624823,110.043151,77.406210
152.615924,-1.953105,107.512406,76.832728
150.206297,-3.503864,108.404962,75.267309
155.272519,-0.883654,110.723985,75.977168
152.275508,-4.913584,113.672454,74.925085
158.151273,-0.712542,112.830982,74.504252
154.897009,-2.339626,114.515253,73.038805
157.729874,-1.606903,113.168101,73.749740
156.565949,-1.962370,114.650100,72.737000
161.337450,0.381500,113.222040,72.331905
156.538980,-1.253452,114.671676,72.169866
163.164162,-1.172433,115.251530,72.105051
157.361735,-2.977526,115.483472,72.079125
160.920764,0.710438,113.555389,72.068754
160.047306,-2.959377,112.784156,72.064606
162.270422,0.717697,110.513662,72.062947
159.730669,-2.956474,111.567465,73.359396
166.553768,-3.604698,110.026986,72.580863
170.999007,0.459568,111.372794,72.269450
168.488603,-3.059725,109.949118,72.144884
171.037941,-1.159942,109.379647,72.095058
173.160176,-1.135029,107.247004,73.372241
174.226498,-1.773620,108.298802,75.219141
175.538099,-2.697070,106.814666,75.957900
178.117667,-4.903950,104.371639,76.253404
179.339181,-3.214202,101.598920,77.747713
160.513040,-7.636357,98.746621,79.762827
163.776690,-10.481414,95.913263,82.028785
161.518369,-9.776893,93.136776,84.438878
168.419112,-10.981939,93.669325,85.402915
173.665338,-7.788958,95.574783,84.284820
159.850109,-14.579910,96.336966,83.837582
159.469017,-12.518791,96.641839,82.198775
157.479080,-11.699388,95.071350,83.003164
156.426825,-13.939082,92.800010,84.828630
159.399995,-16.689315,91.891475,87.107637
158.016763,-17.828818,91.528060,89.614525
160.035970,-17.244763,89.787409,92.260425
159.068796,-20.405212,87.542327,95.011223
163.866336,-23.618111,86.644295,96.111542
160.640353,-20.493271,84.781372,98.294881
165.246814,-25.259941,84.036203,97.425005
161.944398,-21.150003,83.738136,97.077055
165.768432,-24.651028,85.122618,96.937875
161.401191,-20.906437,84.172702,96.882203
165.551149,-24.553601,83.792735,95.167496
163.903633,-21.858748,83.640748,96.174051
165.817126,-24.199526,85.083663,96.576673
161.420668,-24.400837,84.157120,95.045284
165.558940,-23.635142,83.786502,94.432728
163.906749,-23.328864,82.178343,92.544562
166.548329,-22.384781,81.535079,90.194009
165.032460,-19.372005,82.737686,89.253789
164.431157,-20.739394,81.758816,87.328879
166.758092,-21.614440,82.827181,86.558916
164.386410,-17.554458,83.254527,86.250930
164.172737,-21.075465,81.965553,84.624026
168.492224,-16.587013,82.909875,82.513353
164.345062,-17.369176,81.827692,80.251693
168.561154,-14.400846,79.977428,77.970921
165.811286,-15.097961,77.861216,75.722586
170.544392,-12.136293,78.390838,73.526139
166.604581,-12.875569,80.020077,72.647560
167.627461,-10.598780,80.671773,72.296129
165.464114,-12.260564,82.392363,72.155556
164.603818,-10.352778,81.620687,73.396440
166.827156,-12.810720,82.771929,73.892794
164.414035,-9.383897,81.772514,72.794222
166.751243,-12.509611,82.832660,72.354793
164.383670,-8.614897,81.796806,72.179022
166.739097,-12.202011,82.842377,72.108713
164.378812,-8.491857,81.800693,73.377703
166.737154,-12.801351,79.966629,75.221325
167.654186,-11.885663,77.856896,77.334882
168.709052,-14.779941,77.013002,79.597695
170.968499,-14.073847,75.339419,81.962732
169.967791,-18.931366,76.006012,82.908747
169.634494,-15.729374,76.272649,84.790863
167.663676,-20.345431,75.043277,85.543709
171.953361,-18.884355,73.254415,84.341138
172.847792,-18.283069,72.538871,82.400197
173.205565,-17.312599,72.252653,81.623821
173.348674,-16.924410,72.138166,81.313270
173.405917,-16.769135,72.092371,81.189050
173.428815,-16.707025,72.074053,81.139362
173.437974,-16.682181,72.066726,81.119487
173.441637,-16.672243,72.063795,81.111537
173.443103,-16.668268,72.062622,81.108357
173.443689,-16.666678,72.062153,81.107085
173.443923,-16.666042,72.061966,81.106576
173.444017,-16.665788,72.061891,81.106372
173.444055,-16.665686,72.061861,81.106291
173.444070,-16.665645,72.061849,81.106258
173.444076,-16.665629,72.061844,81.106245
173.444078,-16.665623,72.061842,81.106240
173.444079,-16.665620,72.061841,81.106238
173.444079,-16.665619,72.061841,81.106237
173.444079,-16.665619,72.061841,81.106237
173.444080,-16.665618,72.061841,81.106237
173.444080,-16.665618,72.061841,81.106237
173.444080,-16.665618,72.061841,81.106237
173.444080,-16.665618,72.061841,81.106237
173.444080,-16.665618,72.061841,81.106237
173.444080,-16.665618,72.061841,81.106237
173.444080,-16.665618,72.061841,81.106237
173.444080,-16.665618,72.061841,81.106237
173.444080,-16.665618,72.061841,81.106237
173.444080,-16.665618,72.061841,81.106237
173.444080,-16.665618,72.061841,81.106237
173.444080,-16.665618,72.061841,81.106237
173.444080,-16.665618,72.061841,81.106237
173.444080,-16.665618,72.061841,81.106237
173.444080,-16.665618,72.061841,81.106237
173.444080,-16.665618,72.061841,81.106237
173.444080,-16.665618,72.061841,81.106237
173.444080,-16.665618,72.061841,81.106237
173.444080,-16.665618,72.061841,81.106237
173.444080,-16.665618,72.061841,81.106237
173.444080,-16.665618,72.061841,81.106237
173.444080,-16.665618,72.061841,81.106237
173.444080,-16.665618,72.061841,81.106237
173.444080,-16.665618,72.061841,81.106237
173.444080,-16.665618,72.061841,81.106237
173.444080,-16.665618,72.061841,81.106237
173.444080,-16.665618,72.061841,81.106237
173.444080,-16.665618,72.061841,81.106237
173.444080,-16.665618,72.061841,81.106237
173.444080,-16.665618,72.061841,81.106237
173.444080,-16.665618,72.061841,81.106237
173.444080,-16.665618,72.061841,81.106237
173.444080,-16.665618,72.061841,81.106237
173.444080,-16.665618,72.061841,81.106237
173.444080,-16.665618,72.061841,81.106237
173.444080,-16.665618,72.061841,81.106237
173.444080,-16.665618,72.061841,81.106237
173.444080,-16.665618,72.061841,81.106237
173.444080,-16.665618,72.061841,81.106237
173.444080,-16.665618,72.061841,81.106237
173.444080,-16.665618,72.061841,81.106237
173.444080,-16.665618,72.061841,81.106237
173.444080,-16.665618,72.061841,81.106237
173.444080,-16.665618,72.061841,81.106237
173.444080,-16.665618,72.061841,81.106237
173.444080,-16.665618,72.061841,81.106237
173.444080,-16.665618,72.061841,81.106237
173.444080,-16.665618,72.061841,81.106237
173.444080,-16.665618,72.061841,81.106237
173.444080,-16.665618,72.061841,81.106237
173.444080,-16.665618,72.061841,81.106237
173.444080,-16.665618,72.061841,81.106237
173.444080,-16.665618,72.061841,81.106237
173.444080,-16.665618,72.061841,81.106237
173.444080,-16.665618,72.061841,81.106237
173.444080,-16.665618,72.061841,81.106237
173.444080,-16.665618,72.061841,81.106237
173.444080,-16.665618,72.061841,81.106237
173.444080,-16.665618,72.061841,81.106237
173.444080,-16.665618,72.061841,81.106237
173.444080,-16.665618,72.061841,81.106237
173.444080,-16.665618,72.061841,81.106237
173.444080,-16.665618,72.061841,81.106237
173.444080,-16.665618,72.061841,81.106237
173.444080,-16.665618,72.061841,81.106237
173.444080,-16.665618,72.061841,81.106237
173.444080,-16.665618,72.061841,81.106237
173.444080,-16.665618,72.061841,81.106237
173.444080,-16.665618,72.061841,81.106237
173.444080,-16.665618,72.061841,81.106237
173.444080,-16.665618,72.061841,81.106237
173.444080,-16.665618,72.061841,81.106237
173.444080,-16.665618,72.061841,81.106237
173.444080,-16.665618,72.061841,81.106237
173.444080,-16.665618,72.061841,81.106237
173.444080,-16.665618,72.061841,81.106237
173.444080,-16.665618,72.061841,81.106237
173.444080,-16.665618,72.061841,81.106237
173.444080,-16.665618,72.061841,81.106237
173.444080,-16.665618,72.061841,81.106237
173.444080,-16.665618,72.061841,81.106237
173.444080,-16.665618,72.061841,81.106237
173.444080,-16.665618,72.061841,81.106237
173.444080,-16.665618,72.061841,81.106237
173.444080,-16.665618,72.061841,81.106237
173.444080,-16.665618,72.061841,81.106237
173.444080,-16.665618,72.061841,81.106237
173.444080,-16.665618,72.061841,81.106237
173.444080,-16.665618,72.061841,81.106237
173.444080,-16.665618,72.061841,81.106237
173.444080,-16.665618,72.061841,81.106237
173.444080,-16.665618,72.061841,81.106237
173.444080,-16.665618,72.061841,81.106237
173.444080,-16.665618,72.061841,81.106237
173.444080,-16.665618,72.061841,81.106237
173.444080,-16.665618,72.061841,81.106237
173.444080,-16.665618,72.061841,81.106237
173.444080,-16.665618,72.061841,81.106237
173.444080,-16.665618,72.061841,81.106237
173.444080,-16.665618,72.061841,81.106237
173.444080,-16.665618,72.061841,81.106237
173.444080,-16.665618,72.061841,81.106237
173.444080,-16.665618,72.061841,81.106237
173.444080,-16.665618,72.061841,81.106237
173.444080,-16.665618,72.061841,81.106237
173.444080,-16.665618,72.061841,81.106237
173.444080,-16.665618,72.061841,81.106237
173.444080,-16.665618,72.061841,81.106237
173.444080,-16.665618,72.061841,81.106237
173.444080,-16.665618,72.061841,81.106237
173.444080,-16.665618,72.061841,81.106237
173.444080,-16.665618,72.061841,81.106237
173.444080,-16.665618,72.061841,81.106237
173.444080,-16.665618,72.061841,81.106237
173.444080,-16.665618,72.061841,81.106237
173.444080,-16.665618,72.061841,81.106237
173.444080,-16.665618,72.061841,81.106237
173.444080,-16.665618,72.061841,81.106237
173.444080,-16.665618,72.061841,81.106237
173.444080,-16.665618,72.061841,81.106237
173.444080,-16.665618,72.061841,81.106237
173.444080,-16.665618,72.061841,81.106237
173.444080,-16.665618,72.061841,81.106237
173.444080,-16.665618,72.061841,81.106237
173.444080,-16.665618,72.061841,81.106237
173.444080,-16.665618,72.061841,81.106237
173.444080,-16.665618,72.061841,81.106237
173.444080,-16.665618,72.061841,81.106237
173.444080,-16.665618,72.061841,81.106237
173.444080,-16.665618,72.061841,81.106237
173.444080,-16.665618,72.061841,81.106237
173.444080,-16.665618,72.061841,81.106237
173.444080,-16.665618,72.061841,81.106237
173.444080,-16.665618,72.061841,81.106237
173.444080,-16.665618,72.061841,81.106237
173.444080,-16.665618,72.061841,81.106237
173.444080,-16.665618,72.061841,81.106237
173.444080,-16.665618,72.061841,81.106237
173.444080,-16.665618,72.061841,81.106237
173.444080,-16.665618,72.061841,81.106237
173.444080,-16.665618,72.061841,81.106237
173.444080,-16.665618,72.061841,81.106237
173.444080,-16.665618,72.061841,81.106237
173.444080,-16.665618,72.061841,81.106237
173.444080,-16.665618,72.061841,81.106237
173.444080,-16.665618,72.061841,81.106237
173.444080,-16.665618,72.061841,81.106237
173.444080,-16.665618,72.061841,81.106237
173.444080,-16.665618,72.061841,81.106237
173.444080,-16.665618,72.061841,81.106237
173.444080,-16.665618,72.061841,81.106237
173.444080,-16.665618,72.061841,81.106237
173.444080,-16.665618,72.061841,81.106237
173.444080,-16.665618,72.061841,81.106237
173.444080,-16.665618,72.061841,81.106237
173.444080,-16.665618,72.061841,81.106237
173.444080,-16.665618,72.061841,81.106237
173.444080,-16.665618,72.061841,81.106237
173.444080,-16.665618,72.061841,81.106237
173.444080,-16.665618,72.061841,81.106237
173.444080,-16.665618,72.061841,81.106237
173.444080,-16.665618,72.061841,81.106237
173.444080,-16.665618,72.061841,81.106237
173.444080,-16.665618,72.061841,81.106237
173.444080,-16.665618,72.061841,81.106237
173.444080,-16.665618,72.061841,81.106237
173.444080,-16.665618,72.061841,81.106237
173.444080,-16.665618,72.061841,81.106237
173.444080,-16.665618,72.061841,81.106237
173.444080,-16.665618,72.061841,81.106237
173.444080,-16.665618,72.061841,81.106237
173.444080,-16.665618,72.061841,81.106237
173.444080,-16.665618,72.061841,81.106237
173.444080,-16.665618,72.061841,81.106237
173.444080,-16.665618,72.061841,81.106237
173.444080,-16.665618,72.061841,81.106237
173.444080,-16.665618,72.061841,81.106237
173.444080,-16.665618,72.061841,81.106237
173.444080,-16.665618,72.061841,81.106237
173.444080,-16.665618,72.061841,81.106237
173.444080,-16.665618,72.061841,81.106237
173.444080,-16.665618,72.061841,81.106237
173.444080,-16.665618,72.061841,81.106237
173.444080,-16.665618,72.061841,81.106237
173.444080,-16.665618,72.061841,81.106237
173.444080,-16.665618,72.061841,81.106237
173.444080,-16.665618,72.061841,81.106237
173.444080,-16.665618,72.061841,81.106237
173.444080,-16.665618,72.061841,81.106237
173.444080,-16.665618,72.061841,81.106237
173.444080,-16.665618,72.061841,81.106237
173.444080,-16.665618,72.061841,81.106237
173.444080,-16.665618,72.061841,81.106237
173.444080,-16.665618,72.061841,81.106237
173.444080,-16.665618,72.061841,81.106237
173.444080,-16.665618,72.061841,81.106237
173.444080,-16.665618,72.061841,81.106237
173.444080,-16.665618,72.061841,81.106237
173.444080,-16.665618,72.061841,81.106237
173.444080,-16.665618,72.061841,81.106237
173.444080,-16.665618,72.061841,81.106237
173.444080,-16.665618,72.061841,81.106237
173.444080,-16.665618,72.061841,81.106237
173.444080,-16.665618,72.061841,81.106237
173.444080,-16.665618,72.061841,81.106237
173.444080,-16.665618,72.061841,81.106237
173.444080,-16.665618,72.061841,81.106237
173.444080,-16.665618,72.061841,81.106237
173.444080,-16.665618,72.061841,81.106237
173.444080,-16.665618,72.061841,81.106237
173.444080,-16.665618,72.061841,81.106237
173.444080,-16.665618,72.061841,81.106237
173.444080,-16.665618,72.061841,81.106237
173.444080,-16.665618,72.061841,81.106237
173.444080,-16.665618,72.061841,81.106237
173.444080,-16.665618,72.061841,81.106237
173.444080,-16.665618,72.061841,81.106237
173.444080,-16.665618,72.061841,81.106237
173.444080,-16.665618,72.061841,81.106237
173.444080,-16.665618,72.061841,81.106237
173.444080,-16.665618,72.061841,81.106237
173.444080,-16.665618,72.061841,81.106237
173.444080,-16.665618,72.061841,81.106237
173.444080,-16.665618,72.061841,81.106237
173.444080,-16.665618,72.061841,81.106237
