364.000000,376.500000,35.000000,104.000000
364.500000,375.000000,55.700000,84.551000
354.150000,383.724500,62.765437,78.059930
347.617282,384.970035,64.412424,76.790688
346.793788,383.604656,63.926377,77.649993
348.036812,381.175004,62.620461,79.401726
347.689770,380.299137,61.018971,81.552671
349.490515,378.223664,59.330682,83.906809
349.334659,376.046596,57.638189,86.387036
350.180906,373.806482,55.973641,88.963856
351.013180,372.518072,54.349034,91.626855
351.825483,370.186572,52.768330,94.373295
352.615835,368.813353,51.232299,97.203547
352.383850,367.398227,49.740461,100.119275
353.129770,365.940363,48.291855,103.122701
353.854072,365.438649,47.712413,106.216322
354.143794,362.891839,47.480636,109.402787
354.259682,361.298606,47.387925,110.677373
354.306037,360.661313,47.350841,111.187208
354.324580,360.406396,47.336007,113.398629
353.331996,358.300685,47.330074,112.275710
353.334963,359.862145,47.327700,111.826543
353.336150,358.086729,47.326751,109.697858
352.336624,358.151071,47.326371,108.846385
352.336814,358.576808,47.326219,108.505795
352.336890,356.747102,47.326159,108.369559
351.336921,356.815220,47.326134,108.315065
352.336933,355.842468,47.326125,108.293267
351.336938,354.853366,47.326121,110.233565
351.336940,352.883217,47.326119,111.009685
351.336940,352.495158,46.499060,109.371115
350.750470,352.314442,46.168237,110.664705
350.915882,349.667648,46.035907,109.233123
350.982046,350.383438,45.180006,106.768241
351.409997,348.615880,44.058064,105.782288
350.970968,349.108856,42.852411,105.387907
351.573794,347.306047,42.370150,105.230154
351.814925,347.384923,42.177246,103.329918
351.911377,346.335041,42.856960,102.569823
350.571520,346.715089,43.128845,102.265785
350.435577,345.867108,42.480724,100.360543
351.759638,346.819729,42.221475,101.382073
350.889262,345.308963,42.117776,101.790685
350.941112,345.104657,42.076296,103.791266
350.961852,344.104367,42.059704,106.483747
350.970148,342.758126,42.053067,105.668491
350.973466,343.165755,42.050413,105.342388
350.974794,342.328806,42.049351,105.211947
350.975325,342.394027,42.048926,105.159770
350.975537,340.420115,42.048756,105.138900
350.975622,341.430550,42.048688,107.022801
349.975656,338.488599,42.048661,105.884112
350.975669,340.057944,42.048650,105.428636
350.975675,337.285682,42.048646,103.409310
350.975677,339.295345,42.048644,100.817953
350.975678,338.591023,42.048643,101.565037
350.975678,337.217481,42.048643,101.863871
350.975678,336.068065,42.805519,103.820540
350.597241,334.089730,42.351393,102.766072
350.824303,334.616964,42.169743,104.181420
350.915128,331.909290,42.097083,102.910424
350.951458,332.544788,42.068019,102.402025
350.965990,330.798987,42.056393,100.415039
350.971803,331.792480,42.051743,97.888568
350.974128,331.055716,42.049883,95.196740
350.975058,332.401630,42.049139,95.801249
350.975430,330.099376,42.048841,96.043052
350.975579,329.978474,42.048722,96.139773
349.975639,329.930113,42.048675,96.178462
350.975663,328.910769,42.048656,94.512698
349.975672,329.743651,42.048648,93.846392
349.975676,328.076804,42.048645,91.947599
349.975677,329.026201,42.048644,91.188081
349.975678,328.405959,42.048643,90.884274
349.975678,327.557863,42.048643,90.762751
348.975678,327.618624,42.048643,90.714142
348.975678,326.642929,42.048643,90.694699
348.975678,326.652651,42.048643,89.102192
348.975679,326.448904,42.048643,88.465189
348.975679,325.767405,42.048643,86.671816
347.975679,325.664092,42.048643,85.954467
347.975679,325.022767,42.048643,85.667527
347.975679,325.166237,42.048643,85.552751
347.975679,324.223625,42.048643,87.045413
347.975679,322.477294,42.048643,89.227207
347.975679,320.386397,42.048643,91.732196
347.975679,319.133902,42.048643,92.734191
347.975679,317.632904,42.048643,93.134990
347.975679,316.432505,42.048643,91.663038
347.975679,318.168481,42.048643,92.706528
347.975679,314.646736,42.048643,93.123924
347.975679,315.438038,42.048643,91.658611
347.975679,314.170694,42.048643,89.487757
347.975679,316.256122,42.048643,88.619415
347.975679,314.690292,42.048643,88.272078
347.975679,313.863961,42.048643,88.133144
347.975679,313.933428,42.048643,88.077570
347.975679,313.961215,42.048643,89.640070
347.975679,312.179965,42.048643,90.265070
347.975679,312.867465,42.048643,92.147341
347.975679,310.926330,42.048643,91.267978
347.975679,311.366011,42.048643,89.331504
348.975679,311.334248,42.048643,90.141643
348.975679,309.929178,42.048643,92.097970
348.975679,308.951015,42.048643,91.248230
349.975679,308.375885,42.048643,89.323604
349.975679,309.338198,42.048643,88.553754
350.975679,307.723123,42.048643,89.830543
351.975679,307.084728,42.048643,90.341259
351.975679,306.829370,42.048643,90.545545
351.975679,305.727227,42.048643,90.627260
352.975679,304.686370,42.048643,89.075216
352.975679,305.462392,42.048643,86.915827
352.975679,305.542087,42.048643,87.590643
353.975679,304.204678,42.048643,86.321997
353.975679,304.839001,42.048643,87.353111
353.975679,303.323444,42.048643,89.350286
354.975679,302.324857,42.048643,90.149156
354.975679,301.925422,42.048643,90.468704
354.975679,301.765648,42.048643,90.596523
355.975679,300.701738,42.048643,90.647651
355.975679,300.676174,42.048643,92.300373
356.975679,298.849813,42.048643,94.642702
356.975679,298.678649,42.048643,95.579633
357.975679,297.210183,42.048643,97.686082
357.975679,297.156959,42.048643,96.796985
357.975679,297.601507,42.048643,98.173023
358.975679,294.913488,42.048643,96.991762
357.975679,297.504119,42.048643,94.838018
359.975679,295.580991,42.048643,92.344249
358.975679,297.827876,42.048643,91.346741
360.975679,296.326629,42.048643,90.947738
359.975679,296.526131,42.048643,92.420408
360.975679,295.789796,42.048643,93.009476
360.975679,294.495262,42.048643,91.612832
361.975679,295.193584,42.048643,91.054175
361.975679,294.472913,42.048643,90.830712
362.975679,293.584644,42.048643,90.741326
362.975679,293.629337,42.048643,90.705572
363.975679,293.647214,42.048643,92.323542
363.975679,291.838229,42.048643,94.651969
364.975679,291.674015,42.048643,97.315017
364.975679,289.342492,42.048643,98.380236
365.975679,288.809882,42.048643,100.589950
366.975679,286.705025,42.048643,99.690209
366.975679,287.154895,42.048643,97.598636
367.975679,288.200682,42.048643,98.493683
368.975679,285.753158,42.048643,97.120026
368.975679,287.439987,42.048643,98.302239
370.975679,284.848880,42.048643,97.043448
370.975679,286.478276,42.048643,96.539932
371.975679,284.730034,42.048643,94.657286
372.975679,286.671357,42.048643,92.271956
372.975679,285.864022,42.048643,91.317824
373.975679,286.341088,42.048643,90.936171
375.975679,284.531914,42.048643,92.415782
374.975679,285.792109,42.048643,94.688865
375.975679,281.655567,42.048643,93.916859
376.975679,284.041570,42.048643,93.608057
378.975679,282.195972,42.048643,93.484536
379.975679,282.257732,42.048643,91.802856
380.975679,283.098572,42.048643,91.130184
381.975679,280.434908,42.048643,92.493387
381.975679,282.753307,42.048643,94.719907
382.975679,279.640046,42.805519,97.342192
382.597241,281.328904,43.108269,98.391106
383.445866,278.804447,42.472493,97.078995
384.763753,279.460503,42.218183,94.872911
384.890908,280.563545,42.116459,92.358206
385.941770,280.820897,42.075769,91.352324
387.962115,280.323838,42.059494,92.582243
387.970253,279.708879,42.052983,94.755449
388.973508,277.622275,42.050379,95.624732
389.974810,278.187634,42.049337,95.972445
390.975331,277.013777,42.048921,97.843207
391.975540,276.078396,42.048754,100.375139
392.975623,274.812431,42.048687,99.604284
392.975656,276.197858,42.048661,97.564266
393.975670,276.217867,42.048650,95.067019
394.975675,276.466490,42.048646,92.435850
394.975677,277.782075,42.048644,91.383382
396.975678,276.308309,42.048643,92.594666
395.975678,276.702667,42.048643,91.446908
397.975678,276.276546,42.048643,90.987805
397.975678,276.506098,42.048643,92.436435
398.975678,274.781782,42.048643,91.383616
398.975679,276.308192,42.048643,89.377759
400.975679,275.311121,42.048643,88.575416
399.975679,275.712292,42.048643,88.254479
401.975679,273.872761,42.048643,88.126104
401.975679,274.936948,42.048643,88.074754
402.975679,272.962623,42.048643,88.054214
402.975679,273.972893,42.048643,88.045998
403.975679,272.977001,42.048643,89.627441
403.975679,271.186280,42.048643,91.892289
404.975679,270.053855,42.048643,92.798229
405.975679,268.600886,42.048643,93.160605
405.975679,267.419698,42.048643,91.673284
406.975679,269.163358,42.048643,89.493626
406.975679,268.253187,42.048643,88.621763
407.975679,267.689119,42.048643,89.857747
407.975679,267.071127,42.048643,91.984412
408.975679,265.007794,42.048643,94.516317
409.975679,263.741841,42.048643,93.847840
409.975679,264.076080,42.048643,91.948178
409.975679,264.025911,42.048643,92.820584
410.975679,263.589708,42.048643,94.850786
410.975679,262.574607,42.048643,97.394543
411.975679,261.302728,42.048643,100.195673
411.975679,260.902163,42.805519,99.532498
412.597241,261.233751,43.887851,97.535552
413.056075,259.232224,43.541202,96.736773
413.229399,261.631613,43.402542,94.736022
415.298729,258.631989,42.590203,92.303451
415.704899,260.848275,42.265267,89.745693
417.867367,259.127154,42.135293,88.722589
417.932354,260.638705,42.083303,86.774776
418.958349,259.612612,42.062507,85.995651
418.968747,260.002175,42.054189,85.684000
419.972906,259.158000,42.050861,87.097913
419.974569,258.451044,42.049530,87.663477
420.975235,257.168261,42.048998,86.351131
420.975501,257.824434,42.048785,84.332433
421.975608,257.833783,42.048700,85.018713
421.975650,256.490643,42.048666,85.293226
421.975667,256.353387,42.048652,85.403030
422.975674,255.298485,42.048647,85.446952
422.975677,256.276524,42.048644,87.003093
422.975678,253.498453,42.805519,89.210279
423.597240,253.394860,43.108269,88.508424
423.445865,253.745788,43.229369,88.227682
423.385316,252.886159,42.520933,86.576813
424.739533,254.711594,42.237559,87.455038
424.881220,252.272481,42.124209,89.391057
424.937895,251.304472,42.078870,88.580735
425.960565,251.709632,42.060734,88.256606
425.969633,250.871697,42.053479,86.588383
425.973260,251.705809,42.050577,84.427334
426.974711,251.786333,42.049417,85.056674
425.975292,251.471663,42.048953,86.846982
426.975524,249.576509,42.048767,86.024533
426.975617,249.987734,42.048693,84.201794
426.975654,248.899103,42.048663,84.966458
427.975669,248.516771,42.048651,86.810895
426.975675,247.594552,42.048646,87.548671
427.975677,246.225665,42.048644,87.843781
427.975678,246.078110,42.048643,86.423252
427.975678,245.788374,42.048643,85.855041
428.975678,245.072479,42.048643,84.133997
427.975678,245.933001,42.048643,81.995328
428.975678,246.002336,42.048643,82.590112
428.975679,243.704944,42.048643,84.321785
428.975679,242.839108,42.048643,85.014454
428.975679,242.492773,42.048643,83.797762
429.975679,243.101119,42.048643,83.311086
428.975679,242.344457,42.048643,83.116415
429.975679,241.441792,42.048643,81.588295
429.975679,242.205853,42.048643,80.977047
429.975679,241.511477,42.048643,79.324536
429.975679,243.337732,42.048643,80.071543
430.975679,240.964228,42.048643,81.820598
430.975679,241.089701,42.048643,82.520220
430.975679,240.739890,42.048643,81.349817
430.975679,240.325092,42.048643,79.473644
431.975679,241.263178,42.048643,80.131187
431.975679,239.934407,42.048643,81.844455
431.975679,238.077772,42.048643,84.023522
431.975679,236.988239,42.048643,84.895149
432.975679,236.552425,42.048643,83.750040
432.975679,237.124980,42.048643,81.841745
432.975679,237.079127,42.048643,81.078427
433.975679,236.460787,42.048643,82.223352
433.975679,234.888324,42.048643,84.175081
433.975679,233.912460,42.048643,86.494345
433.975679,231.752828,42.048643,87.422050
433.975679,232.288975,42.048643,86.254560
434.975679,231.872720,42.048643,85.787564
433.975679,232.106218,42.048643,85.600766
434.975679,231.199617,42.048643,85.526047
434.975679,231.236977,42.048643,85.496159
434.975679,231.251921,42.048643,85.484204
434.975679,231.257898,42.048643,85.479422
434.975679,231.260289,42.048643,87.016081
434.975679,229.491959,42.048643,89.215474
434.975679,228.392263,42.048643,88.510502
434.975679,229.744749,42.048643,88.228513
434.975679,227.885743,42.048643,86.577145
435.975679,229.711427,42.048643,87.455171
434.975679,227.272415,42.048643,87.806381
435.975679,229.096810,42.048643,89.531594
434.975679,226.234203,42.048643,90.221679
435.975679,225.889160,42.048643,92.129985
434.975679,223.935008,42.048643,92.893307
435.975679,223.553347,42.048643,91.566365
434.975679,223.216818,42.048643,89.450858
435.975679,224.274571,42.048643,90.189385
434.975679,221.905307,42.048643,90.484796
435.975679,222.757602,42.048643,89.018231
435.975679,221.490885,42.048643,88.431605
435.975679,221.784198,42.048643,88.196954
434.975679,218.901523,42.048643,89.687823
434.975679,220.156088,42.048643,88.699442
435.975679,218.650279,42.048643,89.888818
434.975679,217.055591,42.048643,91.996840
434.975679,216.001580,42.048643,91.207778
434.975679,217.396111,42.048643,89.307424
434.975679,217.346288,42.048643,90.132011
434.975679,215.933994,42.048643,92.094117
434.975679,214.952941,42.048643,91.246689
434.975679,216.376656,42.048643,89.322988
434.975679,216.338506,42.048643,87.014935
434.975679,217.492532,42.048643,87.630287
434.975679,216.184857,42.048643,89.461156
434.975679,215.269422,42.048643,90.193504
433.975679,214.903248,42.048643,90.486443
434.975679,214.756778,42.048643,89.018890
433.975679,214.490555,42.048643,88.431868
434.975679,213.784066,42.048643,89.781789
434.975679,212.109105,42.048643,88.737028
434.975679,213.631486,42.048643,89.903853
434.975679,211.048074,42.048643,92.002854
434.975679,209.998573,42.048643,94.523694
434.975679,208.738153,42.048643,95.532030
435.975679,207.233985,42.048643,94.254125
435.975679,208.872937,42.048643,92.110692
435.975679,206.944654,42.048643,89.668589
435.975679,209.165705,42.048643,87.153176
435.975679,208.423412,42.048643,84.653251
435.975679,209.673374,42.048643,83.653281
436.975679,209.173359,42.048643,83.253293
436.975679,208.373353,42.048643,84.587057
436.975679,207.706471,42.048643,86.659135
436.975679,206.670432,42.048643,85.949394
436.975679,207.025303,42.048643,87.204070
436.975679,205.397965,42.048643,87.705940
436.975679,206.147030,42.048643,87.906689
436.975679,205.046656,42.048643,86.448416
436.975679,205.775792,42.048643,85.865106
436.975679,206.067447,42.048643,84.138023
436.975679,205.930988,42.048643,83.447190
436.975679,206.276405,42.048643,83.170857
436.975679,206.414572,42.048643,83.060323
436.975679,205.469838,42.048643,84.509870
436.975679,204.745065,42.048643,86.628260
436.975679,202.685870,42.048643,87.475616
436.975679,203.262192,42.048643,87.814559
436.975679,201.092721,42.048643,89.534865
436.975679,201.232567,42.805519,88.638259
436.597241,200.680871,42.351393,88.279616
436.824303,199.860192,42.169743,86.597587
436.915128,200.701207,42.097083,85.924775
436.951458,200.037613,42.068019,85.655650
435.965990,199.172175,42.056393,87.086572
436.971803,198.456714,42.051743,86.120369
435.974128,198.939815,42.049883,84.240128
436.975058,197.879936,42.049139,82.037780
435.975430,199.981110,42.048841,82.607093
436.975579,196.696454,42.048722,82.834818
435.975639,198.582591,42.048675,81.475656
436.975663,197.262172,42.048656,82.382243
436.975672,196.808878,42.048648,81.294626
436.975676,198.352687,42.805521,79.451568
436.597240,197.274216,43.108270,80.122356
436.445865,196.938822,42.472494,80.390671
436.763753,196.804664,42.218183,81.948249
436.890908,197.025875,42.116459,81.121029
437.941770,195.439486,42.075769,82.240392
436.962115,196.879804,42.059494,82.688138
437.970253,194.655931,42.052983,84.360995
437.973508,195.819502,42.807255,85.030138
437.596373,193.484931,42.352088,85.297796
437.823956,194.351102,42.170021,83.911099
438.914990,193.044451,42.097194,84.850180
438.951403,192.574910,42.068063,86.764384
438.965968,191.617808,42.056411,89.114795
439.971794,190.442602,42.051750,90.054960
439.974125,188.972520,42.049886,88.846296
439.975057,189.576852,42.049140,88.362831
439.975430,188.818585,42.048842,89.754174
440.975579,188.122913,42.048723,90.310711
439.975639,186.844644,42.048675,92.165598
440.975663,186.917201,42.048656,94.588791
440.975672,185.705604,42.048648,97.289746
440.975676,184.355127,42.048645,100.153754
440.975677,182.923123,42.805519,99.515731
440.597240,184.242135,43.108269,97.528845
440.445865,183.235578,42.472493,98.465767
440.763753,183.767117,42.975059,98.840536
441.512471,182.579732,42.419209,97.258767
440.790395,183.370617,42.196870,96.626059
440.901565,182.686970,42.107934,98.104653
441.946033,181.947674,42.072359,100.479717
441.963820,181.760142,42.815005,99.646116
440.592497,182.176942,43.891645,97.580999
441.054177,181.209501,43.542719,98.486628
440.228640,181.756686,44.182731,97.117204
440.908635,181.441398,45.241705,94.888195
440.379148,182.555903,45.665294,92.364320
440.167353,182.817840,45.031761,91.354770
440.484120,182.322615,44.778348,90.950950
440.610826,182.524525,43.897400,89.204692
442.051300,182.397654,44.324603,86.967617
440.837698,182.516191,43.715903,86.072787
442.142049,181.963606,42.715547,87.253427
442.642227,181.373286,42.315405,89.310413
442.842298,179.344794,42.155348,91.765478
442.922326,180.117261,42.848200,91.115233
442.575900,177.442384,42.368466,92.487406
442.815767,178.756297,42.176572,91.404004
442.911714,176.297998,42.099815,92.602915
442.950093,176.698543,42.069112,93.082479
442.965444,176.458761,42.056830,93.274305
443.971585,176.362848,42.808794,91.718764
443.595603,176.140618,43.889161,89.511818
443.055420,176.244091,44.321307,90.213769
442.839346,175.893116,44.494166,92.126821
442.752917,174.936590,43.783728,94.573281
444.108136,173.713360,43.499553,93.870625
443.250224,174.064687,42.629007,95.270803
444.685497,172.364599,42.280789,97.562550
444.859606,173.218725,42.898377,96.747572
443.550812,173.626214,43.924994,94.740342
444.037503,171.629829,45.138610,95.618689
443.430695,173.190655,46.451115,94.288789
442.774443,171.855606,46.976117,95.438068
443.511942,172.280966,48.037988,94.216540
441.981006,171.891730,49.340162,92.095658
443.329919,170.952171,49.861032,92.879576
442.069484,171.560212,50.973129,91.560872
442.513435,170.219564,50.514219,89.448661
441.742891,172.275669,51.234404,87.065205
442.382798,170.467398,50.618729,87.650394
442.690636,170.174803,49.495033,89.469199
443.252484,169.265400,49.045554,91.828993
444.477223,168.085504,48.013892,92.772910
443.993054,168.613545,48.453098,91.518206
444.773451,168.240897,47.776910,91.016324
445.111545,167.491838,46.679377,92.447843
445.660312,167.776079,45.437394,94.701689
446.281303,165.649155,44.161019,95.603228
447.919491,166.198386,42.893593,95.963844
448.553203,165.018078,42.386623,94.426850
447.806688,165.786575,42.183835,93.812053
448.908082,165.093973,42.102720,95.247374
448.948640,164.376313,42.070274,97.553178
449.964863,163.223411,42.057295,98.475500
448.971352,162.762250,42.052104,97.112753
448.973948,165.443624,42.050027,94.886414
449.974986,163.556793,42.049197,93.995879
448.975402,165.002061,42.048864,95.320904
449.975568,163.339548,42.048732,94.169675
448.975634,164.915163,42.805554,92.076912
449.597223,163.961544,42.351407,89.655077
448.824296,166.172461,42.169749,87.147771
449.915126,164.426114,42.097085,86.144849
448.951457,165.927576,42.068020,87.282252
450.965990,163.358874,42.056394,86.198641
448.971803,164.900680,42.051743,87.303769
450.974128,162.348116,42.049883,89.330549
448.975058,162.334725,42.049139,90.141261
449.975430,161.929369,42.048841,90.465546
449.975579,161.767227,42.048722,90.595260
450.975639,160.702370,42.048675,92.279417
449.975663,159.860291,42.048656,92.953080
449.975672,159.523460,42.048648,91.590274
449.975676,159.204863,42.048645,89.460422
450.975677,159.269789,42.048644,87.069909
450.975678,159.465046,42.048643,84.619944
450.975678,159.690028,42.805519,82.189707
449.597241,160.905147,42.351393,79.809600
451.824303,160.095200,42.169743,80.265569
449.915128,160.867216,42.097083,80.447956
451.951458,158.776022,42.068019,79.112900
450.965990,160.443550,42.056393,78.578877
451.971803,159.710561,42.051743,78.365268
450.974128,159.817366,42.049883,79.687836
450.975058,159.156082,42.049139,81.667115
451.975430,158.166442,42.048841,81.008575
450.975579,158.495712,42.048722,79.337147
451.975639,158.331426,42.048675,77.301575
451.975663,159.349213,42.048656,76.487346
451.975672,157.756327,42.048648,76.161654
451.975676,158.919173,42.048645,74.704192
451.975677,157.647904,42.048644,75.448393
451.975678,158.275804,42.048643,74.418887
451.975678,157.790556,42.048643,75.334271
451.975678,157.332865,42.048643,74.373238
451.975678,156.813381,42.048643,75.316011
452.975678,156.341994,42.048643,75.693120
451.975679,156.153440,42.048643,77.210966
452.975679,155.394517,42.048643,79.226115
451.975679,153.386942,42.048643,78.624163
451.975679,154.687918,42.048643,78.383383
451.975679,153.808309,42.048643,76.920069
452.975679,155.539966,42.048643,75.007558
451.975679,154.496221,42.048643,72.954023
451.975679,156.522988,42.048643,70.881609
451.975679,155.559195,42.048643,71.303644
451.975679,156.348178,42.048643,72.760987
450.975679,154.619506,42.048643,73.343925
451.975679,155.328038,42.048643,74.904286
450.975679,153.547857,42.048643,74.201244
450.975679,154.899378,42.048643,73.920028
450.975679,154.039986,42.048643,72.519011
450.975679,154.740494,42.048643,71.958604
450.975679,155.020698,42.048643,71.734442
449.975679,154.132779,42.048643,72.933307
449.975679,155.533347,42.048643,74.740039
448.975679,152.629981,42.048643,75.462731
448.975679,154.268634,42.048643,77.118810
449.975679,152.440595,42.048643,76.414240
448.975679,152.792880,42.048643,77.499413
448.975679,151.250293,42.048643,76.566481
448.975679,152.716759,42.048643,74.866122
447.975679,151.566939,42.048643,74.185979
447.975679,152.907011,42.048643,75.241107
447.975679,150.379446,42.048643,77.030160
448.975679,151.484920,42.048643,76.378780
447.975679,149.810610,42.048643,77.485229
447.975679,151.257385,42.048643,77.927809
446.975679,148.036095,42.048643,78.104841
447.975679,149.947579,42.048643,76.808652
445.975679,150.595674,42.048643,74.962991
446.975679,150.518505,42.048643,74.224726
445.975679,150.887637,42.048643,72.640891
447.975679,151.679555,42.048643,72.007356
445.975679,151.996322,42.048643,73.042472
447.975679,151.478764,42.048643,73.456519
445.975679,151.271741,42.048643,73.622138
447.975679,151.188931,42.048643,72.399855
445.975679,150.800072,42.048643,73.199472
446.975679,150.400264,42.048643,74.846505
445.975679,149.576748,42.048643,75.505318
447.975679,150.247341,42.048643,75.768843
445.975679,149.115578,42.048643,74.547067
447.975679,150.726466,42.048643,72.769827
445.975679,149.615087,42.048643,72.058931
448.975679,151.970535,42.048643,70.523572
445.975679,150.738214,42.048643,71.160429
447.975679,151.419786,42.048643,70.164172
446.975679,150.917914,42.048643,71.016669
447.975679,151.491666,42.048643,72.646197
446.975679,149.676901,42.048643,74.625195
448.975679,150.687403,42.048643,75.416794
446.975679,150.291603,42.048643,75.733433
448.975679,150.133283,42.048643,77.227091
447.975679,149.386455,42.048643,77.824554
449.975679,150.087723,42.048643,76.696537
448.975679,150.651731,42.048643,74.918145
448.975679,151.540928,42.048643,72.918258
449.975679,152.540871,42.048643,73.406833
448.975679,151.296583,42.048643,74.929449
449.975679,151.535275,42.048643,75.538496
449.975679,151.230752,42.048643,75.782114
449.975679,151.108943,42.048643,75.879562
449.975679,152.060219,42.048643,75.918541
449.975679,152.040730,42.048643,75.934132
449.975679,152.032934,42.048643,75.940369
449.975679,152.029816,42.048643,75.942863
449.975679,152.028568,42.048643,75.943861
449.975679,152.028069,42.048643,74.617075
449.975679,153.691463,42.048643,72.797830
450.975679,154.601085,42.048643,73.358662
449.975679,154.320669,42.048643,74.910181
450.975679,153.544910,42.048643,75.530788
449.975679,153.234606,42.048643,74.451845
449.975679,153.774077,42.048643,74.020268
449.975679,153.989866,42.048643,72.559107
450.975679,155.720446,42.048643,73.263173
449.975679,154.368414,42.048643,72.256269
450.975679,155.871865,42.048643,73.142038
449.975679,154.428981,42.048643,72.207815
449.975679,154.896092,42.048643,71.834126
449.975679,155.082937,42.048643,72.973180
449.975679,154.513410,42.048643,74.755988
449.975679,153.622006,42.048643,76.836113
449.975679,153.581944,42.048643,79.076174
449.975679,151.461913,42.048643,79.972198
450.975679,153.013901,42.048643,78.922597
449.975679,152.538702,42.048643,77.135755
449.975679,154.432123,42.048643,76.421018
449.975679,154.789491,42.048643,74.807937
449.975679,156.596031,42.048643,72.874175
449.975679,157.562913,42.048643,70.849670
449.975679,158.575165,42.048643,68.825305
448.975679,160.587348,42.048643,68.015559
449.975679,160.992221,42.048643,67.691660
448.975679,160.154170,42.048643,67.562101
449.975679,162.218949,42.048643,68.724840
448.975679,160.637580,42.048643,69.189936
448.975679,160.405032,42.048643,69.375974
448.975679,161.312013,42.048643,68.235827
448.975679,161.882087,42.048643,67.779768
448.975679,162.110116,42.048643,67.597344
448.975679,163.201328,42.048643,67.524374
448.975679,162.237813,42.048643,68.709750
448.975679,162.645125,42.048643,67.969337
448.975679,163.015332,42.048643,66.493984
448.975679,164.753008,42.048643,67.083031
448.975679,163.458485,42.048643,67.318649
447.975679,164.340675,42.048643,67.412897
448.975679,164.293552,42.048643,68.665159
447.975679,162.667421,42.048643,67.951500
448.975679,165.024250,42.048643,66.486850
447.975679,163.756575,42.048643,64.756147
448.975679,166.621926,42.048643,65.208708
447.975679,165.395646,42.048643,66.568920
448.975679,166.715540,42.048643,68.327568
447.975679,164.836216,42.048643,69.031027
448.975679,167.484486,42.805519,68.097848
446.597241,165.951076,42.351393,68.939139
448.824303,167.530430,42.926619,68.061093
446.536691,165.969454,42.399833,68.924437
448.800083,168.537781,42.945995,68.055212
448.527003,167.972394,43.944041,67.707522
447.027979,169.146239,43.563678,66.389258
448.218161,169.805371,44.191114,67.041140
447.904443,170.479430,45.245058,66.122705
447.377471,170.938647,45.666636,65.755332
447.166682,171.122334,45.032298,65.608382
447.483851,172.195809,43.998980,66.728790
448.000510,171.635605,42.828778,68.391516
447.585611,171.804242,42.360697,70.307606
448.819652,171.846197,42.173465,71.074043
448.913268,171.462979,42.098572,71.380617
448.950714,171.309691,42.068614,70.252247
447.965693,171.873877,42.056632,68.586336
448.971684,173.706832,42.808714,67.919971
448.595643,172.040014,43.109547,67.653425
447.445227,173.173287,42.473005,68.761370
448.763498,174.619315,42.218388,67.989985
447.890806,174.005008,42.116541,67.681431
447.941730,176.159285,42.075802,68.772572
447.962099,174.613714,42.059507,69.209029
447.970247,176.395486,42.052988,68.169048
447.973506,176.915476,42.050381,67.753056
447.974809,178.123472,42.049338,66.407472
447.975331,177.796264,42.048921,67.048426
447.975539,179.475787,42.048754,66.125620
447.975623,177.937190,42.048687,66.935685
447.975656,180.532158,42.048661,66.080523
446.975670,178.959738,42.048650,66.917646
447.975675,180.541177,42.048646,66.073308
446.975677,180.963346,42.048644,65.735573
446.975678,181.132214,42.048643,65.600478
446.975678,182.199761,42.048643,66.725628
445.975678,181.637186,42.048643,68.390251
445.975678,181.804874,42.048643,69.056101
445.975678,181.471950,42.048643,70.573440
445.975679,180.713280,42.048643,72.468906
445.975679,181.765547,42.048643,73.227092
444.975679,182.386454,42.048643,74.857553
445.975679,181.571224,42.048643,74.182551
444.975679,182.908724,42.048643,75.239736
445.975679,182.380132,42.048643,77.029612
444.975679,183.485194,42.805519,76.378561
445.597241,184.810720,43.887851,76.118140
443.056075,183.940930,43.541202,76.013972
445.229399,186.993014,42.645666,75.972305
444.677167,186.013848,42.287452,77.322639
445.856274,187.338680,42.144167,79.270785
444.927917,185.364608,42.086852,81.500295
444.956574,187.249853,42.063927,82.392099
445.968037,185.803951,42.811632,82.748820
444.594184,187.625590,42.353839,84.385268
444.823081,185.807366,42.170721,86.578420
444.914639,186.710790,42.097474,87.455680
445.951263,186.272160,42.068176,89.391314
444.965912,186.304343,42.056456,90.165567
445.971772,186.917216,42.051768,88.890539
444.974116,187.554730,42.806769,86.841956
445.596616,189.579022,43.108769,84.528763
444.445616,188.735618,42.472693,85.097245
445.763653,190.451377,42.218263,85.324638
444.890868,189.337681,42.116491,86.954168
444.941754,189.522916,42.075782,86.067407
445.962109,190.966296,42.816374,85.712703
444.591813,189.143648,42.355735,85.570821
444.822132,191.214589,42.928356,85.514069
444.535822,191.242966,43.157404,83.997608
443.421298,192.001196,42.492147,81.940772
444.753926,194.029614,42.226045,81.118038
444.886978,193.440981,42.119604,80.788944
443.940198,195.605528,42.077027,82.107558
444.961486,193.946221,42.816872,82.635004
442.591564,196.682498,42.355935,81.395731
443.822033,195.302135,42.171560,82.350273
443.914220,196.824864,42.097810,81.281838
443.951095,197.359081,42.068310,79.446453
442.965845,199.276774,42.056510,77.345297
443.971745,199.327352,42.051790,76.504835
442.974105,201.747583,42.049902,77.535651
442.975049,199.232174,42.049146,79.355989
442.975427,200.322005,42.805720,78.676113
441.597140,201.661943,42.351474,78.404163
442.824263,199.797919,42.169775,79.703394
441.915112,202.148303,42.097096,78.815075
442.951452,201.592463,42.068024,77.092746
441.965988,203.453627,42.813271,75.076628
442.593364,203.461686,43.111370,75.597367
441.444315,204.201316,44.010191,74.478477
441.994904,205.760762,44.369720,74.030921
441.815140,205.984540,44.513531,73.851898
440.743234,206.074051,44.571056,75.107475
440.714472,205.446262,44.594065,75.609706
440.702967,206.195147,44.603269,77.177600
440.698365,206.411200,45.409920,79.212769
440.295040,206.393616,44.929611,81.477088
440.535194,207.261456,43.957906,83.876576
442.021047,206.061712,42.812348,84.836370
441.593826,207.581815,42.354125,86.758861
441.822937,205.620570,42.170836,89.112586
441.914582,207.443707,42.097520,90.054076
441.951240,205.972962,42.068194,92.062943
440.965903,206.968528,42.056463,94.547730
441.971768,204.726135,42.051771,93.860405
440.974114,208.069798,42.049894,91.953204
440.975053,209.023398,42.049143,91.190323
440.975428,210.404838,42.048843,89.300442
440.975578,211.349779,42.048723,88.544489
440.975638,212.727755,42.048675,88.242108
440.975662,211.878946,42.048656,89.705885
440.975672,213.147058,42.048648,88.706666
440.975676,213.646667,42.048645,88.306979
439.975677,212.846511,42.048644,88.147104
440.975678,214.926448,42.048643,86.544582
439.975678,214.727709,42.048643,84.409813
440.975678,216.795093,42.048643,82.105654
439.975678,217.947173,42.805519,82.634242
439.597241,216.682879,42.351393,84.339437
439.824303,215.830281,42.169743,85.021515
439.915128,217.489242,42.097083,83.800587
438.951458,218.099707,42.068019,81.861964
439.965990,220.069018,42.056393,79.678503
439.971803,221.160749,42.051743,77.438117
439.974128,222.280941,42.049883,75.214777
439.975058,224.392612,42.049139,75.652627
438.975430,224.173687,42.048841,77.194768
439.975579,224.402616,42.048722,79.219636
438.975639,224.390182,42.048675,81.479835
438.975663,223.260082,42.048656,83.877674
438.975672,224.061163,42.048648,83.343050
438.975676,225.328475,42.048645,81.678949
438.975677,226.160525,42.048644,79.605297
437.975678,228.197351,42.048643,78.775836
438.975678,227.612082,42.048643,79.852063
437.975678,228.073968,42.048643,80.282554
437.975678,228.858723,42.048643,80.454751
437.975678,228.772625,42.048643,79.115618
437.975679,229.442191,42.048643,79.987976
437.975679,229.006012,42.048643,80.336919
437.975679,229.831540,42.048643,79.068485
437.975679,231.465757,42.048643,79.969123
437.975679,230.015439,42.048643,78.921367
437.975679,232.539317,42.048643,79.910276
437.975679,231.044862,42.805519,81.756091
437.597241,231.121955,42.351393,82.494417
437.824303,231.752791,42.169743,82.789748
437.915128,233.605126,42.097083,84.401639
437.951458,232.799180,42.068019,83.552636
437.965990,235.223682,42.056393,84.706795
437.971803,233.646603,42.051743,85.168458
437.974128,235.415771,42.049883,85.353123
436.975058,234.323438,42.049139,86.965562
437.975430,235.517219,42.048841,86.071965
436.975579,236.964018,42.048722,85.714526
436.975639,237.142737,42.048675,85.571551
436.975663,238.214225,42.048656,84.020601
436.975672,239.989699,42.048648,84.893981
436.975676,238.553010,42.048645,86.781905
436.975677,239.609048,42.048644,85.998502
435.975678,239.000749,42.048643,87.223713
436.975678,239.388143,42.048643,89.298527
435.975678,237.350736,42.048643,90.128453
435.975678,238.935774,42.048643,92.092694
435.975678,236.953653,42.048643,91.246119
436.975679,239.376940,42.048643,89.322760
435.975679,239.338620,42.048643,88.553416
435.975679,240.723292,42.048643,86.707107
435.975679,240.646447,42.048643,87.507155
435.975679,240.246422,42.048643,86.288602
435.975679,242.855699,42.048643,84.307422
434.975679,241.846289,42.048643,83.514949
434.975679,244.242525,42.048643,81.747709
434.975679,245.126146,42.048643,79.632801
434.975679,246.183600,42.048643,78.786838
434.975679,246.606581,42.048643,79.856464
434.975679,247.071768,42.048643,81.734566
433.975679,246.132717,42.048643,82.485807
434.975679,246.757096,42.048643,82.786304
433.975679,246.606848,42.048643,81.456250
433.975679,249.271875,42.048643,82.374481
433.975679,247.812760,42.048643,81.291521
433.975679,250.354239,42.048643,79.450326
432.975679,251.274837,42.048643,80.121859
433.975679,249.939070,42.048643,81.840724
432.975679,252.079638,42.048643,81.078019
432.975679,251.460991,42.048643,82.223188
431.975679,250.888406,42.048643,84.175015
432.975679,251.912492,42.048643,83.461987
431.975679,252.269007,42.048643,81.726524
432.975679,254.136738,42.048643,82.482590
431.975679,252.758705,42.048643,81.334765
432.975679,255.332618,42.805519,82.325887
431.597241,253.837057,42.351393,81.272084
432.824303,256.363958,42.169743,82.300814
431.915128,254.849593,42.097083,81.262055
431.951458,257.368973,42.068019,82.296803
432.965990,256.851599,42.056393,84.204461
431.971803,257.897769,42.051743,86.506097
432.974128,256.746952,42.049883,89.011481
431.975058,257.494260,42.049139,88.428905
432.975430,258.785548,42.048841,86.657302
431.975579,259.671349,42.048722,84.454902
432.975639,261.772549,42.805550,85.067701
431.597225,260.466150,43.108281,86.851393
431.445859,261.574304,43.229374,87.564869
432.385313,261.217565,42.520935,87.850260
431.739532,263.074870,42.237560,86.425844
431.881220,262.787078,42.124210,87.394650
432.937895,264.302675,42.835745,87.782172
431.582127,262.108914,43.120359,89.521911
431.439820,264.239045,43.234205,88.633077
432.382897,263.683462,42.522868,86.738971
431.738566,265.630515,42.238333,85.981329
432.880834,265.009336,42.124519,84.184512
431.937741,267.907744,42.078993,83.465786
432.960503,266.267107,42.060783,81.728043
431.969608,269.135978,42.053499,82.483198
431.973250,267.758401,42.050585,82.785260
431.974707,268.607370,42.049420,82.906085
431.975290,268.546958,42.048954,82.954415
431.975523,269.522793,42.048767,82.973747
431.975616,268.513127,42.048693,81.531228
431.975654,271.234386,42.048663,82.404472
430.975669,269.797764,42.048651,82.753769
431.975675,272.623115,42.048646,81.443237
430.975677,272.278382,42.048644,82.369275
430.975678,272.815362,42.048643,84.233450
430.975678,272.883275,42.048643,84.979120
430.975678,273.510440,42.048643,85.277388
429.975678,274.361306,42.048643,83.902936
429.975678,276.048532,42.048643,84.846915
429.975679,275.576543,42.048643,83.730747
429.975679,277.134627,42.048643,83.284279
429.975679,278.357860,42.048643,81.655441
429.975679,278.172280,42.048643,82.454157
428.975679,278.772921,42.048643,81.323392
428.975679,280.338304,42.048643,79.463074
428.975679,280.268463,42.048643,80.126959
428.975679,280.936521,42.048643,78.984501
