103.410000,155.510000,31.000000,62.000000
101.500000,156.000000,40.300000,51.887379
95.850000,161.056311,43.207379,48.654951
91.396311,160.672524,43.581377,48.198981
86.209311,160.900510,42.965003,48.878702
82.517498,159.560649,42.965003,48.878702
77.517498,160.560649,42.965003,48.878702
67.517498,161.560649,42.965003,48.878702
61.517498,161.560649,41.974790,50.038564
56.012605,160.980718,41.974790,50.038564
50.012605,161.980718,41.974790,50.038564
37.012605,157.980718,41.974790,50.038564
31.012605,157.980718,41.578705,51.417121
25.210648,154.291439,41.578705,51.417121
20.210648,154.291439,41.420270,52.910595
14.289865,153.544702,41.420270,52.910595
9.289865,153.544702,40.634893,54.478297
5.682553,146.760851,39.619768,56.104800
5.190116,146.947600,39.619768,56.104800
9.190116,144.947600,39.619768,56.104800
13.190116,145.947600,39.619768,56.104800
17.190116,150.947600,39.619768,56.104800
21.190116,150.947600,39.619768,56.104800
18.190116,150.947600,39.619768,56.104800
21.190116,148.947600,39.619768,56.104800
24.190116,148.947600,39.619768,56.104800
26.190116,147.947600,39.619768,56.104800
29.190116,147.947600,39.213718,57.784805
33.393141,148.107597,39.051298,59.517094
37.474351,146.241453,38.305772,61.302105
40.847114,146.348948,38.007562,60.924014
44.996219,146.537993,37.227542,59.712491
48.386229,147.143755,37.576270,58.198477
51.211865,149.900761,37.576270,58.198477
55.211865,149.900761,37.576270,58.198477
58.211865,151.900761,37.576270,58.198477
62.211865,151.900761,37.576270,58.198477
64.211865,150.900761,37.576270,58.198477
66.211865,150.900761,37.576270,58.198477
68.211865,150.900761,37.576270,58.198477
70.211865,150.900761,37.576270,58.198477
70.211865,149.900761,37.576270,58.198477
70.211865,149.900761,37.576270,58.198477
67.211865,149.900761,37.576270,58.198477
69.211865,150.900761,37.576270,58.198477
68.211865,150.900761,37.576270,58.198477
71.211865,151.900761,37.576270,58.198477
69.211865,150.900761,37.576270,58.198477
71.211865,151.900761,37.576270,58.198477
69.211865,148.900761,37.576270,58.198477
70.211865,147.900761,37.576270,58.198477
69.211865,146.900761,37.576270,58.198477
69.211865,143.900761,37.576270,58.198477
69.211865,144.900761,37.576270,58.198477
69.211865,144.900761,37.576270,58.198477
69.211865,145.900761,37.576270,58.198477
69.211865,145.900761,37.576270,58.198477
70.211865,146.900761,37.576270,58.198477
70.211865,146.900761,37.576270,58.198477
74.211865,145.900761,37.576270,58.198477
75.211865,145.900761,37.576270,58.198477
73.211865,145.900761,37.576270,58.198477
77.211865,144.900761,37.576270,58.198477
75.211865,145.400761,37.576270,58.198477
77.211865,144.900761,37.576270,58.198477
75.211865,144.900761,37.576270,58.198477
72.211865,143.900761,37.576270,58.198477
73.211865,142.900761,37.576270,58.198477
71.211865,141.900761,37.576270,58.198477
72.211865,140.900761,37.576270,58.198477
72.211865,139.900761,37.576270,58.198477
73.211865,139.900761,37.576270,58.198477
70.211865,138.900761,37.576270,58.198477
70.211865,137.900761,37.576270,58.198477
68.211865,137.900761,37.576270,58.198477
67.211865,138.900761,37.576270,58.198477
67.211865,139.900761,37.576270,58.198477
69.211865,139.900761,37.576270,58.198477
68.211865,140.900761,37.576270,58.198477
68.211865,140.900761,37.576270,58.198477
70.211865,140.900761,37.055026,56.593450
70.472487,141.703275,37.055026,56.593450
71.472487,142.703275,37.055026,56.593450
71.472487,142.703275,37.055026,56.593450
72.472487,141.703275,37.055026,56.593450
73.472487,141.703275,37.055026,56.593450
71.472487,141.703275,37.055026,56.593450
72.472487,141.703275,37.055026,56.593450
71.472487,141.703275,37.055026,56.593450
70.472487,140.703275,37.055026,56.593450
68.472487,141.703275,37.055026,56.593450
70.472487,142.703275,37.055026,56.593450
69.472487,144.703275,37.055026,56.593450
66.472487,146.703275,37.055026,56.593450
70.472487,146.703275,37.055026,56.593450
68.472487,146.703275,37.055026,56.593450
67.472487,145.703275,37.055026,56.593450
66.472487,144.703275,37.055026,56.593450
66.472487,144.703275,37.055026,56.593450
64.472487,143.703275,37.055026,56.593450
63.472487,143.703275,37.055026,56.593450
66.472487,143.703275,37.055026,56.593450
63.472487,143.703275,37.055026,56.593450
66.472487,142.703275,37.055026,56.593450
67.472487,142.703275,37.055026,56.593450
68.472487,142.703275,37.055026,56.593450
68.472487,143.703275,37.055026,56.593450
65.472487,144.703275,37.055026,56.593450
65.472487,144.703275,37.055026,56.593450
60.472487,149.703275,37.055026,56.593450
57.472487,144.703275,37.055026,56.593450
55.472487,149.703275,37.055026,56.593450
54.472487,148.703275,37.055026,56.593450
55.472487,149.703275,37.055026,56.593450
54.472487,148.703275,37.055026,56.593450
54.472487,150.703275,37.055026,56.593450
55.472487,150.703275,37.055026,56.593450
57.472487,150.703275,37.055026,56.593450
55.472487,150.703275,37.055026,56.593450
54.472487,152.703275,37.055026,56.593450
55.472487,152.703275,37.055026,56.593450
53.472487,152.703275,37.055026,56.593450
52.472487,152.703275,37.055026,56.593450
51.472487,152.703275,37.055026,56.593450
51.472487,157.703275,37.055026,56.593450
48.472487,156.703275,37.055026,56.593450
49.472487,155.703275,37.055026,56.593450
46.472487,157.703275,37.055026,56.593450
48.472487,156.703275,37.055026,56.593450
45.472487,157.703275,37.055026,56.593450
46.472487,157.703275,37.055026,56.593450
44.472487,157.703275,37.055026,56.593450
45.472487,157.703275,37.055026,56.593450
44.472487,157.703275,37.055026,56.593450
43.472487,158.703275,37.055026,56.593450
44.472487,158.703275,37.055026,56.593450
44.472487,158.703275,37.055026,56.593450
45.472487,158.703275,37.055026,56.593450
43.472487,159.703275,37.055026,56.593450
45.472487,159.703275,37.055026,56.593450
43.472487,158.703275,37.055026,56.593450
44.472487,158.703275,37.055026,56.593450
42.472487,157.703275,37.055026,56.593450
43.472487,157.703275,37.055026,56.593450
41.472487,157.703275,37.055026,56.593450
40.472487,157.703275,37.055026,56.593450
40.472487,157.703275,37.055026,56.593450
40.472487,157.703275,37.055026,56.593450
40.472487,157.703275,37.055026,56.593450
40.472487,157.703275,37.055026,56.593450
40.472487,157.703275,37.055026,56.593450
40.472487,157.703275,37.055026,56.593450
40.472487,158.703275,37.055026,56.593450
40.472487,158.703275,37.055026,56.593450
41.472487,158.703275,37.055026,56.593450
41.472487,158.703275,37.055026,56.593450
42.472487,158.703275,37.055026,56.593450
42.472487,158.703275,37.055026,56.593450
44.472487,158.703275,37.055026,56.593450
42.472487,158.703275,37.055026,56.593450
44.472487,158.703275,37.055026,56.593450
42.472487,158.703275,37.055026,56.593450
42.472487,157.703275,37.055026,56.593450
42.472487,157.703275,37.055026,56.593450
42.472487,157.703275,37.055026,56.593450
42.472487,157.703275,37.055026,56.593450
43.472487,157.703275,37.055026,56.593450
43.472487,158.703275,37.055026,56.593450
42.472487,158.703275,36.205037,56.950861
41.897481,158.524570,35.865042,58.123230
41.067479,157.938385,35.106237,58.592177
40.446882,157.703911,34.802715,59.840043
40.598643,158.079979,35.304113,61.431284
40.347944,157.284358,35.504672,62.067781
40.247664,156.966110,35.584896,61.230284
41.207552,156.384858,35.616985,60.895285
41.191507,156.552357,36.271312,61.853381
41.864344,156.073309,37.193778,61.144524
40.403111,155.427738,36.902029,60.860982
38.548986,153.569509,36.902029,60.860982
37.548986,150.569509,36.902029,60.860982
37.548986,149.569509,36.143838,60.747564
37.928081,148.626218,36.143838,60.747564
38.928081,147.626218,36.143838,60.747564
38.928081,146.626218,36.143838,60.747564
39.928081,144.626218,36.143838,60.747564
40.928081,143.626218,36.143838,60.747564
41.928081,141.626218,36.143838,60.747564
41.928081,140.626218,36.143838,60.747564
41.928081,136.626218,36.143838,60.747564
40.928081,133.626218,36.143838,60.747564
39.928081,128.626218,36.143838,60.747564
39.928081,127.626218,35.840562,61.794293
41.079719,122.102854,35.840562,61.794293
38.079719,122.102854,35.840562,61.794293
40.079719,122.102854,35.840562,61.794293
41.079719,120.102854,35.840562,61.794293
41.079719,118.102854,35.840562,61.794293
40.079719,119.102854,35.840562,61.794293
40.079719,116.102854,35.840562,61.794293
38.079719,116.102854,35.840562,61.794293
37.079719,116.102854,35.840562,61.794293
37.079719,116.102854,35.840562,61.794293
40.079719,116.102854,35.719252,63.337842
41.140374,115.331079,35.719252,63.337842
43.140374,116.331079,35.719252,63.337842
45.140374,118.331079,35.719252,63.337842
46.140374,120.331079,35.719252,63.337842
45.140374,120.331079,35.719252,63.337842
46.140374,121.331079,35.719252,63.337842
45.140374,121.331079,35.719252,63.337842
44.140374,122.331079,35.719252,63.337842
46.140374,122.331079,35.047921,65.113866
48.476040,121.443067,34.779389,64.665671
48.610306,122.667164,34.671976,65.644997
49.664012,122.177501,34.629010,66.036728
49.685495,121.981636,34.611824,65.034816
48.694088,121.482592,34.604950,64.634051
50.697525,121.682974,34.602200,65.632349
48.698900,121.183825,34.601100,64.873065
49.699450,121.563468,34.600660,65.727955
50.699670,121.136023,34.600484,67.263272
51.699758,121.368364,34.600414,67.877400
52.699793,122.061300,34.600386,66.929689
52.699807,122.535156,34.600375,65.392000
51.699813,122.304000,34.600370,63.652067
51.699815,122.173966,34.600368,64.080952
53.699816,122.959524,34.600368,63.127648
54.699816,122.436176,34.600368,63.127648
53.699816,122.436176,34.600368,63.127648
55.699816,122.436176,34.600368,63.127648
53.699816,122.436176,34.600368,63.127648
53.699816,122.436176,34.600367,61.654231
53.699816,123.172885,34.600367,61.654231
53.699816,123.172885,34.600367,62.156959
52.699816,122.921520,34.600367,63.482909
52.699816,122.258546,34.600367,65.171892
52.699816,121.414054,34.600367,65.171892
50.699816,120.414054,34.600367,64.688882
50.699816,119.655559,34.600367,64.688882
51.699816,118.655559,34.600367,63.370820
51.699816,118.314590,34.600367,63.968453
52.699816,117.015774,34.600367,63.968453
52.699816,116.015774,34.600367,63.968453
52.699816,117.015774,34.600367,63.968453
51.699816,117.015774,34.600367,64.207506
50.699816,116.896247,34.600367,65.461731
51.699816,115.269134,34.600367,65.963421
51.699816,115.018289,34.600367,65.963421
50.699816,115.018289,35.223174,66.164097
51.388413,114.917951,35.223174,66.164097
52.388413,114.917951,35.223174,66.164097
49.388413,113.917951,35.223174,66.164097
49.388413,113.917951,36.113787,65.085764
51.943106,122.457118,36.113787,65.085764
54.943106,128.457118,36.113787,65.085764
50.943106,120.457118,36.470032,65.813034
50.764984,122.093483,35.971040,64.945339
50.014480,122.527331,35.148636,64.598260
50.425682,123.700870,34.819675,64.459429
51.590163,126.770285,34.688090,65.562500
50.655955,126.218750,34.688090,65.562500
50.655955,127.218750,34.688090,65.562500
52.655955,127.218750,34.635456,67.197091
53.682272,127.401455,34.614403,66.657565
56.692799,126.671217,34.614403,66.657565
56.692799,126.671217,34.605981,67.635117
56.697009,125.182442,34.605981,67.635117
54.697009,125.182442,35.225419,66.832775
57.387290,124.583612,35.473195,67.705201
59.263403,124.147400,34.949498,66.860809
59.525251,123.569595,34.949498,66.860809
63.525251,121.569595,34.949498,66.860809
65.525251,121.569595,34.740019,65.364449
64.629990,123.317776,34.656228,63.641046
64.671886,123.179477,34.622711,61.859590
63.688644,124.070205,34.609305,62.239103
63.695348,123.880448,34.603942,63.515766
63.698029,124.242117,34.601797,65.185035
65.699101,124.407482,34.600939,65.852743
65.699530,125.073629,35.223402,67.313188
68.388299,125.343406,35.472388,69.126528
69.263806,126.436736,36.213473,68.622702
71.893264,129.688649,35.868416,69.650334
72.065792,130.174833,36.371884,68.832224
70.814058,131.583888,36.573271,68.504980
72.713364,131.747510,36.653826,67.180721
74.673087,134.409640,37.346784,65.492413
73.326608,140.253793,36.963231,65.975694
72.518384,140.012153,36.809810,67.362368
73.595095,140.318816,36.106951,69.146201
71.946525,139.426900,36.467298,71.125771
71.766351,137.437114,37.272172,70.651562
70.363914,137.674219,38.274680,71.727916
67.862660,137.136042,38.675683,73.462476
67.662159,137.268762,38.155526,75.499439
64.922237,137.250280,38.155526,75.499439
63.922237,136.250280,38.155526,75.499439
58.922237,135.250280,38.155526,75.499439
53.922237,134.250280,38.155526,75.499439
53.922237,133.250280,38.155526,75.499439
49.922237,133.250280,38.155526,75.499439
51.922237,133.250280,38.155526,75.499439
54.922237,133.250280,38.155526,75.499439
55.922237,133.250280,38.155526,75.499439
58.922237,133.250280,38.155526,75.499439
61.922237,134.250280,37.947464,74.971085
66.026268,134.514457,37.864239,74.759744
70.067881,137.620128,38.511506,73.371188
72.744247,138.314406,38.770413,72.815766
76.614793,138.592117,38.770413,72.815766
80.614793,138.592117,38.770413,72.815766
84.614793,139.592117,38.193418,72.593597
88.903291,140.703201,38.193418,72.593597
91.903291,143.703201,38.193418,72.593597
93.903291,144.703201,38.643178,71.238692
95.678411,146.380654,39.524056,69.467568
96.237972,147.266216,40.598411,67.565756
95.700794,152.217122,41.028153,67.998393
96.485923,152.000804,41.943714,69.400610
95.028143,152.299695,42.309938,69.961498
93.845031,152.019251,42.456427,68.956690
94.771786,151.521655,41.771360,68.554766
92.114320,151.722617,40.775329,67.200635
92.612336,152.399682,39.675942,65.500379
90.162029,153.249810,39.236188,65.978880
89.381906,154.010560,38.379728,65.011677
87.810136,154.494161,37.376409,63.499938
87.311796,155.250031,37.635817,61.803147
85.182092,156.098427,37.739580,61.124431
85.130210,156.437785,38.461643,61.945039
81.769179,158.027480,38.750468,63.398141
79.624766,158.300930,38.865998,65.137985
78.567001,158.431007,38.912210,65.833923
78.543895,158.083039,38.930695,67.305660
76.534653,158.347170,38.938089,67.894354
77.530956,158.052823,39.642021,66.936471
76.178990,157.531765,39.923593,66.553317
78.038203,157.723342,40.758226,65.241452
75.620887,158.379274,41.092079,64.716706
75.453960,158.641647,40.503617,63.381949
77.748192,158.309025,39.567257,61.755952
77.216371,159.122024,39.192714,60.045266
77.403643,160.977367,39.042896,60.421278
78.478552,161.789361,38.982969,61.663778
78.508515,162.168111,38.278441,63.285636
78.860780,161.357182,37.335894,65.092983
79.332053,161.453508,37.619611,65.815922
78.190195,161.092039,37.733097,66.105098
78.133451,160.947451,37.778492,67.414130
76.110754,160.292935,38.477208,66.744381
75.761396,159.627810,38.756694,66.476481
76.621653,158.761760,38.868488,66.369321
74.565756,157.815339,38.913206,67.519819
73.543397,156.240090,38.250536,67.980018
73.874732,154.009991,37.985467,68.164098
74.007266,152.917951,37.879440,67.044368
73.060280,153.477816,38.517587,66.596476
72.741207,153.701762,38.092288,65.258715
72.953856,154.370642,38.602726,64.723611
71.698637,156.638194,39.507875,63.384711
71.246062,157.307644,40.591939,62.849152
69.704031,158.575424,41.025564,63.759786
68.487218,159.120107,40.477011,64.124039
69.761495,158.937980,39.556615,63.144883
69.221692,159.427559,38.507899,63.878078
71.746050,160.060961,37.427677,63.046498
71.286161,160.476751,36.995589,63.838724
72.502206,160.080638,36.822753,65.314218
70.588623,160.342891,36.753619,67.097778
71.623191,159.451111,37.386701,69.040365
70.306650,158.479818,38.320491,71.083437
68.839754,157.458282,38.013450,71.900666
69.993275,157.049667,37.229897,70.961520
71.385051,156.519240,36.916477,70.585861
70.541762,155.707069,37.451844,69.206435
72.274078,155.396782,38.346548,67.461303
70.826726,155.269349,39.405404,67.956612
70.297298,155.021694,40.550950,68.154735
68.724525,154.922632,41.009169,69.463147
70.495416,154.268426,40.470453,68.757350
70.764774,153.621325,40.254966,68.475030
71.872517,152.762485,40.168772,67.168741
72.915614,153.415630,39.433319,65.487621
73.283340,153.256189,39.840113,65.973777
74.079944,154.013111,40.002830,66.168240
72.998585,153.915880,40.067917,67.439386
73.966041,153.280307,39.392978,66.754483
74.303511,152.622758,39.123002,66.480522
74.438499,152.759739,39.015011,67.564299
75.492494,152.217850,38.291258,67.997810
74.854371,152.001095,38.001756,69.400377
74.999122,151.299811,37.225220,71.227442
75.387390,149.386279,36.273115,71.958268
75.863443,149.020866,35.269466,70.984560
77.365267,148.507720,35.490813,70.595077
77.254593,148.702461,36.220843,70.439284
75.889579,148.780358,35.871364,69.147804
77.064318,148.426098,35.731572,67.437850
78.134214,149.281075,36.317147,67.947231
78.841427,151.026385,36.551376,66.957621
78.724312,153.521189,36.645068,67.755139
76.677466,154.122430,36.682545,69.303309
75.658728,154.348346,37.358271,69.922577
73.320864,154.038712,37.628562,70.170284
72.185719,152.914858,38.417235,70.269367
69.791382,151.865317,38.732705,69.079837
68.633648,150.460081,39.559867,69.833188
66.220066,149.083406,39.189758,71.400566
66.405121,142.299717,39.742688,70.761480
63.128656,142.619260,40.685864,70.505845
61.657068,142.747077,41.063134,71.669629
58.468433,142.165185,40.492039,70.869105
59.753981,140.565448,40.263601,71.814933
57.868200,138.092534,40.172225,70.927226
57.913887,137.536387,39.434701,70.572144
57.282650,137.713928,38.459134,70.430111
56.770433,136.784945,38.749464,70.373298
57.625268,136.813351,38.865596,70.350572
55.567202,135.824714,38.912049,69.112320
56.543975,135.443840,38.930630,68.617018
58.534685,134.691491,39.639037,69.648061
58.180481,134.175970,39.922400,70.060478
58.038800,132.969761,39.334771,70.225444
59.332615,131.887278,39.099719,71.557469
58.450140,130.221266,39.005698,72.090278
58.497151,129.954861,39.669064,71.037365
55.165468,129.481318,39.233437,69.387036
53.383282,128.306482,39.059185,68.726905
50.470407,128.636547,38.308927,67.269491
50.845536,129.365255,38.008824,66.686525
46.995588,129.656737,37.888783,66.453339
44.055609,128.773331,37.840766,66.360064
40.079617,123.819968,38.502117,67.516116
35.748941,120.241942,39.467632,69.207700
32.266184,115.396150,39.853838,69.884333
29.073081,115.057833,39.307346,68.925824
28.346327,113.537088,38.408192,67.349058
29.795904,113.325471,38.048530,67.911714
29.975735,113.044143,37.904665,69.365939
31.047667,113.317031,37.186384,69.947629
33.406808,112.026186,37.559807,70.180305
34.220097,109.909848,37.048440,69.044213
38.475780,109.477894,36.202403,67.396414
41.898799,109.301793,35.241181,66.737294
45.379409,106.631353,34.856693,66.473646
47.571654,104.763177,34.702897,66.368187
49.648551,105.815906,35.264186,66.326004
49.367907,105.836998,36.130192,67.502492
48.934904,105.248754,37.137330,69.202250
46.431335,104.398875,36.879450,69.882153
45.560275,103.058923,36.134807,70.154115
45.932597,101.922943,35.214143,71.528937
44.392929,98.235532,34.845877,70.812828
41.577061,97.593586,34.698571,71.792422
39.650714,97.103789,34.639649,73.488279
37.680176,94.255861,35.238886,75.509760
34.380557,92.245120,35.478581,74.975214
30.260709,90.512393,36.215950,73.457376
25.892025,90.271312,37.171633,74.154260
22.414183,89.922870,38.234464,73.128995
19.882768,86.435502,38.659596,72.718889
16.670202,84.640556,38.149092,71.288809
14.925454,81.355596,37.284154,70.716777
13.357923,80.641612,36.296689,70.487964
11.851656,80.756018,35.901702,71.662477
10.049149,78.168762,35.743708,73.436300
9.128146,77.281850,35.057703,74.145830
8.471148,74.927085,34.783302,74.429642
7.608349,74.785179,34.673541,73.239148
5.663230,74.380426,34.629637,71.496912
4.685182,74.251544,34.612075,69.570856
1.693963,74.214572,34.605050,67.607071
-1.302525,74.196465,35.225047,65.662953
-4.612523,74.168523,35.473046,66.043910
-7.736523,73.978045,34.949438,66.196293
-10.474719,73.901854,34.739996,66.257246
-10.369998,72.871377,34.656218,66.281627
-11.328109,71.859186,34.622708,66.291380
-10.311354,70.854310,35.232110,67.488642
-10.616055,70.255679,34.853064,66.774186
-9.426532,69.612907,34.701446,66.488403
-8.350723,68.755798,34.640799,67.567452
-9.320399,67.216274,35.239346,69.228234
-8.619673,65.385883,34.855959,68.663384
-6.427979,64.668308,34.702604,67.244082
-4.351302,64.377959,35.264068,66.676362
0.367966,65.661819,36.130145,67.642635
2.934928,64.178682,35.835085,69.258307
7.082458,63.370846,35.094254,71.170614
9.452873,59.414693,34.797922,73.239555
11.601039,58.380222,35.302196,75.410271
13.348902,55.294864,34.881098,74.935418
12.559451,53.532291,34.712660,73.441458
10.643670,51.279271,35.268091,71.577837
10.365955,51.211082,34.867456,69.603225
11.566272,51.198387,34.707203,67.620019
12.646399,52.189991,35.265908,66.826736
12.367046,52.586632,36.130881,67.702785
11.934560,52.148607,37.137605,68.053205
9.431197,51.973398,36.879560,69.422535
8.560220,51.288732,36.134851,68.741105
5.932575,51.629448,36.478458,69.697695
3.760771,51.151152,35.974410,68.851169
1.012795,51.574416,35.149984,67.319196
-2.574992,51.340402,35.443021,66.706407
-4.721510,51.646796,34.937428,65.302688
-8.468714,52.348656,35.357998,63.616342
-11.678999,52.191829,35.526226,61.849709
-14.763113,53.075146,34.970711,60.082769
-16.485355,45.958616,34.748504,58.346588
-11.374252,57.826706,35.282429,56.652694
-10.641214,74.673653,34.873192,55.975137
-12.436596,74.012432,34.709497,56.703536
-11.354748,68.648232,34.644019,55.995473
-11.322009,69.002263,34.617828,54.741936
-14.308914,69.629032,35.230158,55.210833
-10.615079,70.394583,36.116581,54.428080
-12.058290,69.785960,37.131885,53.172928
-15.565943,70.413536,37.538007,52.670867
-16.769004,71.664567,37.039721,51.555430
-17.519860,75.222285,36.198915,51.109255
-17.099458,76.445372,35.862593,51.845398
-16.931296,78.077301,35.105257,52.139855
-16.552629,79.930073,34.802323,52.257638
-16.401162,80.871181,34.681149,52.304751
-16.340575,80.847625,34.632680,53.265647
-13.316340,73.367176,34.613292,52.707955
-11.306646,73.646023,35.228344,51.570265
-14.614172,73.214867,35.474364,50.227216
-15.737182,72.886392,36.214263,48.827886
-17.107132,73.586057,35.868732,47.431155
-15.934366,75.284423,36.372011,46.059840
-13.186005,84.970080,37.234057,44.722362
-14.617029,90.638819,37.234057,44.722362
-14.617029,90.638819,37.234057,44.722362
-15.617029,90.638819,37.234057,44.722362
-16.617029,91.638819,36.918141,43.421397
-16.459070,96.289301,36.918141,43.421397
-16.459070,96.289301,36.918141,43.421397
-14.459070,96.289301,36.918141,43.421397
-13.459070,96.289301,36.918141,43.421397
-14.459070,97.289301,36.918141,43.421397
-15.459070,99.289301,36.918141,43.421397
-16.459070,99.289301,36.918141,43.421397
-17.459070,99.289301,36.918141,43.421397
-17.459070,99.289301,36.918141,43.421397
-17.459070,99.289301,36.918141,43.421397
-17.459070,98.289301,36.918141,43.421397
-17.459070,97.289301,36.918141,43.421397
-17.459070,96.289301,36.918141,43.421397
-16.459070,95.289301,36.918141,43.421397
-11.459070,75.289301,36.918141,43.421397
-11.459070,74.289301,36.918141,43.421397
-13.459070,75.289301,36.150283,43.666985
-14.075142,76.166508,36.150283,43.666985
-10.075142,76.166508,36.150283,43.666985
-11.075142,74.166508,36.150283,43.666985
-4.075142,80.166508,36.150283,43.666985
-0.075142,80.166508,36.150283,43.666985
2.924858,80.166508,35.843140,44.554173
0.078430,80.722914,35.843140,44.554173
-1.921570,80.722914,35.843140,44.554173
-0.921570,80.722914,35.843140,44.554173
2.078430,86.722914,35.097476,44.120095
-1.548738,89.939953,34.799211,44.735417
-2.399605,91.632292,34.799211,44.735417
-6.399605,91.632292,34.679905,44.192593
-9.339952,91.903704,34.632182,44.764416
-11.316091,91.617792,34.613093,44.993145
-11.306547,90.503428,34.605457,45.897258
-12.302729,89.051371,34.602403,47.095903
-12.301202,86.452048,34.601182,48.437471
-9.300591,84.781264,35.223499,48.111989
-8.611750,83.944006,34.849620,47.981795
-9.424810,86.009102,35.322875,47.092718
-5.661437,80.453641,35.512177,47.574087
-2.756088,81.212956,34.965091,46.929635
1.517455,80.535183,35.369063,45.859233
4.315468,81.070384,34.907846,44.642119
7.546077,80.678941,34.723358,44.155273
10.638321,80.922363,34.649564,43.960535
13.675218,81.019732,34.620046,43.116666
16.689977,80.441667,34.608238,42.035455
17.695881,78.982272,34.603516,40.880967
16.698242,78.559516,34.601626,40.419172
17.699187,77.790414,34.600871,40.956457
13.699565,77.521771,34.600569,41.171372
9.699716,72.414314,34.600448,42.001001
10.699776,71.999500,34.600399,42.332853
6.699800,66.833574,34.600380,42.465593
5.699810,66.767203,34.600372,43.284663
6.699814,66.357668,34.600369,42.846318
4.699815,65.576841,34.600368,43.436953
6.699816,65.281524,35.223174,44.462160
6.388413,62.768920,34.849490,44.872243
3.575255,60.563879,34.700016,44.247323
3.649992,60.876339,34.640227,44.786308
0.679887,60.606846,35.239118,45.001902
-1.619559,60.499049,34.855867,44.299187
-2.427934,60.850407,34.702567,43.252127
-5.351284,65.373937,35.264054,42.089639
-4.632027,65.955180,35.488648,42.368308
-6.744324,66.815846,34.955680,42.479776
-4.477840,66.760112,35.365299,41.780699
-4.682649,67.109651,34.906340,40.779065
-3.453170,67.610468,34.722756,39.677437
-2.361378,67.161282,34.649323,39.937760
-1.324661,67.031120,34.619949,40.763893
0.690025,65.618054,34.608200,41.094346
-1.304100,65.452827,34.603500,41.970191
0.698250,66.014905,34.601620,41.576865
2.699190,65.211568,34.600868,42.163198
1.699566,65.918401,34.600568,43.163705
2.699716,65.418147,34.600447,44.352861
4.699776,64.823570,34.600399,44.828523
1.699800,65.585739,35.223186,45.018788
3.388407,65.490606,35.472301,44.305941
3.263849,65.847030,34.949141,43.254829
3.525430,66.372586,34.739877,43.600357
2.630062,67.199821,34.656171,44.527522
4.671915,66.736239,34.622689,44.109434
1.688656,66.945283,34.609296,43.176226
2.695352,67.411887,34.603938,43.568916
2.698031,67.215542,34.601796,43.725992
3.699102,66.137004,34.600938,44.577776
3.699531,64.711112,34.600596,44.918489
4.699702,63.540756,34.600458,44.265821
4.699771,62.867089,34.600404,43.238781
6.699798,62.380610,34.600382,43.593938
5.699809,62.203031,34.600373,44.524954
8.699814,61.737523,34.600369,44.108407
7.699815,60.945796,34.600368,43.941789
9.699816,60.029106,34.600367,43.109168
9.699816,56.445416,34.600367,43.542093
11.699816,55.228954,34.600367,44.504216
12.699816,53.747892,34.600367,44.100112
12.699816,52.949944,34.600367,43.172497
15.699816,50.413751,34.600367,42.801451
17.699816,48.599274,34.600367,41.909369
19.699816,48.045315,34.600367,41.552536
21.699816,47.223732,34.600367,41.409803
24.699816,47.295098,34.600367,41.352710
26.699816,46.323645,34.600367,40.607869
29.699816,45.696065,34.600367,40.309933
32.699816,45.845034,34.600367,40.190758
34.699816,44.904621,34.600367,40.865092
36.699816,44.567454,34.600367,40.412822
39.699816,43.793589,34.600367,39.530939
42.699816,43.234530,34.600367,39.879161
45.699816,42.060420,34.600367,39.317475
48.699816,41.341262,35.223174,39.793775
51.388413,40.103112,35.472296,40.706299
53.263852,37.646851,34.949139,40.349305
54.525431,36.825348,34.739876,40.928510
54.630062,35.535745,34.656171,41.160193
56.671915,33.419904,34.622688,40.530862
56.688656,32.734569,34.609296,39.578156
56.695352,31.210922,34.603938,39.898047
58.698031,30.050976,34.601796,39.325030
55.699102,25.337485,34.600938,39.796797
51.699531,25.101602,35.223402,40.707507
48.388299,19.646246,34.849581,41.071792
46.575209,19.464104,34.700053,40.495502
46.649974,18.752249,34.640241,40.986989
45.679879,18.506505,34.616317,41.927248
43.691842,19.036376,34.606747,41.559688
46.696627,19.220156,34.602919,40.690660
42.698541,19.654670,34.601388,41.065053
40.699306,20.467474,34.600775,41.958473
37.699612,21.020763,34.600530,41.572178
34.699735,21.213911,34.600432,41.417660
32.699784,22.291170,34.600393,41.355853
29.699803,23.322074,34.600377,42.074793
26.699811,23.962603,34.600371,43.128343
24.699814,23.435828,34.600369,42.783790
