329.885800,301.964900,31.000000,91.000000
328.500000,301.500000,47.933981,73.000000
322.033010,306.500000,53.672603,66.898000
316.163699,307.551000,53.672603,66.898000
313.163699,312.551000,53.672603,66.898000
315.163699,307.551000,53.672603,66.898000
312.163699,309.551000,53.672603,66.898000
314.163699,307.551000,53.672603,66.898000
312.163699,306.551000,53.672603,66.898000
312.163699,305.551000,53.672603,66.898000
312.163699,304.551000,53.672603,66.898000
312.163699,304.551000,53.672603,66.898000
311.163699,304.551000,53.672603,66.898000
312.163699,304.551000,53.672603,66.898000
311.163699,304.551000,53.672603,66.898000
311.163699,304.551000,53.672603,66.898000
311.163699,305.551000,53.672603,66.898000
311.163699,305.551000,53.672603,66.898000
311.163699,304.551000,53.672603,66.898000
310.163699,303.551000,54.963226,65.588140
308.518387,304.205930,54.503916,66.229064
309.748042,303.885468,53.373048,67.685248
309.313476,303.157376,52.001143,69.503530
309.999429,302.248235,51.452381,70.230843
310.273810,300.884578,50.340102,69.285960
310.829949,300.357020,49.895190,67.708192
309.052405,300.145904,49.895190,67.708192
311.052405,299.145904,49.717225,65.912217
310.141387,300.043892,49.717225,65.912217
310.141387,300.043892,49.717225,65.912217
310.141387,300.043892,49.717225,65.912217
310.141387,299.043892,49.717225,65.912217
310.141387,298.043892,49.717225,65.912217
310.141387,296.043892,49.717225,65.912217
311.141387,296.043892,49.717225,65.912217
309.141387,298.043892,49.717225,65.912217
309.141387,298.043892,49.717225,65.912217
309.141387,297.043892,49.717225,65.912217
308.141387,296.043892,49.717225,65.912217
309.141387,295.043892,49.717225,65.912217
309.141387,294.043892,49.717225,65.912217
310.141387,293.043892,49.717225,65.912217
309.141387,293.043892,49.717225,65.912217
309.141387,293.043892,49.717225,65.912217
309.141387,293.043892,49.717225,65.912217
309.141387,292.043892,49.717225,65.912217
308.141387,292.043892,48.779268,66.358695
308.610366,290.820653,47.562560,67.737100
309.218720,290.131450,46.258861,69.524271
309.870569,288.237864,46.258861,69.524271
309.870569,288.237864,46.258861,69.524271
309.870569,287.237864,46.258861,69.524271
309.870569,286.237864,46.258861,69.524271
309.870569,285.237864,46.258861,69.524271
307.870569,274.237864,46.258861,69.524271
308.870569,275.237864,46.258861,69.524271
308.870569,276.237864,46.258861,69.524271
308.870569,272.237864,46.258861,69.524271
308.870569,269.237864,46.258861,69.524271
308.870569,272.237864,46.258861,69.524271
308.870569,272.237864,46.258861,69.524271
308.870569,272.237864,46.258861,69.524271
308.870569,271.237864,46.258861,69.524271
309.870569,270.237864,46.258861,69.524271
310.870569,269.237864,46.258861,69.524271
310.870569,269.237864,46.258861,69.524271
310.870569,269.237864,46.258861,69.524271
310.870569,268.237864,46.258861,69.524271
310.870569,268.237864,46.258861,69.524271
310.870569,268.237864,46.258861,69.524271
310.870569,267.237864,46.258861,69.524271
311.870569,266.237864,46.258861,69.524271
314.870569,253.237864,46.258861,69.524271
313.870569,255.237864,46.258861,69.524271
315.870569,250.237864,46.258861,69.524271
313.870569,253.237864,44.944163,71.512023
315.527918,251.243989,44.944163,71.512023
314.527918,251.243989,43.648169,73.618193
316.175916,248.190904,42.382087,73.149591
315.808957,248.425204,41.149746,74.273220
317.425127,247.863390,39.952046,76.073073
318.023977,247.963464,39.472966,78.183928
319.263517,244.908036,39.281334,79.028270
317.359333,244.485865,39.204681,80.798647
319.397660,243.600676,39.174020,82.982419
317.412990,243.508791,39.161755,85.375816
319.419122,242.312092,39.156849,84.813286
318.421575,241.593357,39.154887,84.588274
320.422557,241.705863,39.154102,84.498269
319.422949,241.750865,39.153788,84.462267
321.423106,241.768866,39.153663,84.447867
319.423169,240.776067,39.153612,84.442106
321.423194,240.778947,39.153592,85.959691
320.423204,239.020155,39.153584,88.132210
321.423208,236.933895,39.153581,87.435733
321.423210,236.282134,39.153580,87.157141
321.423210,235.421429,39.858344,88.611191
321.070828,234.694405,39.435485,89.192810
323.282258,233.403595,39.266341,89.425458
322.366829,231.287271,39.903448,89.518517
323.048276,230.240741,39.453527,87.990255
323.273237,230.004872,39.978322,87.378951
323.010839,229.310525,40.188241,87.134429
323.905880,228.432786,39.567444,87.036620
324.216278,228.481690,39.319125,86.997496
324.340438,227.501252,39.219797,86.981847
325.390101,227.509076,39.180066,86.975587
325.409967,227.512206,39.164174,86.973083
325.417913,227.513458,39.157817,88.537567
326.421092,226.731216,39.155274,89.163361
326.422363,226.418320,39.154257,89.413678
327.422872,225.293161,39.153850,89.513805
327.423075,225.243097,39.153687,89.553856
327.423156,224.223072,39.153622,89.569876
328.423189,224.215062,39.153596,89.576284
329.423202,223.211858,39.858350,91.191298
329.070825,222.404351,40.140252,91.837303
329.929874,222.081348,39.548248,92.095705
330.225876,220.952147,39.311446,92.199066
331.344277,220.900467,39.216726,92.240410
331.391637,220.879795,39.178838,92.256948
331.410581,219.871526,39.868447,93.924387
332.065777,218.037807,40.144290,94.591362
330.927855,216.704319,40.254628,94.858152
332.872686,215.570924,39.593998,93.304045
333.203001,215.347978,39.329747,92.682402
334.335127,214.658799,39.224046,92.433745
333.387977,213.783128,39.886530,93.995105
334.056735,213.002447,39.446759,94.619650
335.276620,211.690175,39.270851,93.208644
335.364575,211.395678,39.200488,91.031791
336.399756,211.484104,39.172342,88.595565
335.413829,211.702217,39.161084,87.621074
336.419458,212.189463,39.156581,87.231278
336.421710,211.384361,39.154780,85.555471
336.422610,211.222265,39.154059,83.409528
337.422970,211.295236,39.153771,82.551151
337.423115,211.724425,39.153656,82.207800
337.423172,211.896100,39.153610,83.546080
338.423195,211.226960,39.153591,85.601280
338.423204,211.199360,39.153584,87.988846
339.423208,210.005577,39.153581,90.556322
338.423210,208.721839,39.153580,93.244136
339.423210,207.377932,39.153579,96.029910
339.423210,205.985045,39.153579,97.144220
340.423211,204.427890,39.153579,97.589944
341.423211,203.205028,39.153579,97.768233
341.423211,202.115883,39.153579,97.839549
342.423211,201.080226,39.153579,97.868075
342.423211,200.065962,39.153579,96.168838
343.423211,198.915581,39.153579,93.828319
343.423211,198.085841,39.153579,91.279661
344.423211,198.360169,39.153579,88.694713
344.423211,198.652643,39.153579,87.660734
345.423211,199.169633,39.153579,87.247142
345.423211,198.376429,39.153579,85.561816
346.423211,198.219092,39.153579,84.887686
347.423211,197.556157,39.153579,83.142414
347.423211,197.428793,39.153579,81.011664
348.423211,198.494168,39.858343,80.159364
348.070828,198.920318,40.866156,79.818444
348.566922,199.090778,40.543374,79.682076
349.728313,199.158962,40.414261,81.060170
350.792869,198.469915,41.088524,83.087028
350.455738,197.456486,40.632321,83.897771
351.683839,196.051115,39.745076,82.746448
354.127462,195.626776,39.390178,80.853278
354.304911,195.573361,39.952983,80.096010
355.023509,195.951995,40.904012,79.793102
354.547994,196.103449,41.284424,81.104580
355.357788,194.447710,41.436589,81.629172
355.281706,194.185414,40.771547,81.839008
357.614226,193.080496,40.505531,81.922943
356.747235,192.038529,39.694359,81.956517
359.152820,191.021742,39.369891,81.969946
360.315054,191.015027,39.240104,83.450938
361.379948,188.274531,39.188189,84.043335
360.405906,187.978333,39.872187,85.800182
361.063906,187.099909,40.145787,86.502921
361.927107,186.748539,40.981134,88.349502
361.509433,185.825249,41.315273,89.088135
362.342364,185.455933,42.196613,89.383588
361.901694,184.308206,41.801464,87.936284
364.099268,184.031858,40.917497,85.837473
364.541251,184.081263,40.563911,83.522329
365.718045,184.238836,39.717712,81.163630
367.141144,184.418185,39.379232,78.829237
367.310384,184.585382,39.243840,76.545078
368.378080,184.727461,39.189683,74.320345
368.405158,184.839827,39.168021,72.157569
370.415990,184.921215,39.159356,70.056650
369.420322,184.971675,39.155889,69.216283
371.422055,185.391859,39.154503,68.880135
371.422748,185.559932,39.153949,68.745677
372.423026,184.627162,39.153727,68.691893
372.423137,184.654053,39.153638,68.670380
374.423181,182.664810,39.153602,68.661774
374.423199,182.669113,39.153588,69.894141
375.423206,182.052930,39.153583,71.659970
375.423209,180.170015,39.153580,72.366302
376.423210,180.816849,39.153579,73.959904
377.423210,178.020048,39.153579,75.947747
377.423210,178.026127,39.153579,78.133797
379.423211,176.933101,39.153579,79.008217
379.423211,176.495891,39.153579,79.357985
380.423211,176.321007,39.153579,79.497893
381.423211,176.251054,39.153579,79.553856
381.423211,176.223072,39.153579,79.576241
382.423211,176.211880,39.153579,81.017836
382.423211,175.491082,39.153579,83.070094
383.423211,174.464953,39.153579,83.890997
384.423211,174.054501,39.153579,84.219359
384.423211,172.890321,39.858343,84.350703
385.070828,172.824648,40.866156,84.403241
385.566922,171.798380,41.269282,82.948636
386.365359,171.525682,41.430532,80.934153
386.284734,171.532924,40.769124,80.128360
389.615438,171.935820,40.504561,79.806042
388.747719,172.096979,40.398736,79.677115
390.800632,171.161442,39.651642,79.625545
391.174179,171.187228,39.352804,79.604916
392.323598,170.197542,39.233269,81.029306
392.383366,169.485347,39.185455,81.599062
394.407273,168.200469,39.166329,81.826964
394.416835,167.086518,39.158679,80.485484
394.420661,166.757258,39.155619,81.381533
395.422191,165.309233,39.859159,81.739953
395.070420,165.130024,40.140575,81.883321
395.929712,164.058340,40.979049,81.940668
395.510475,164.029666,41.314439,83.439227
396.342781,164.280387,41.448595,84.038650
397.275703,162.980675,41.502257,85.798309
396.248872,162.100846,41.523722,86.502172
398.238139,161.748914,42.279992,86.783717
396.860004,161.608141,41.834816,85.376447
398.082592,161.311777,42.404430,84.813538
398.797785,160.593231,41.884591,83.112755
400.057704,160.443623,40.950748,80.999800
401.524626,160.500100,41.303118,78.763705
401.348441,161.618147,42.191751,77.869267
401.904125,162.065366,42.547204,77.511492
401.726398,161.244254,42.689385,77.368382
403.655307,160.315809,41.998573,77.311138
404.000713,160.344431,40.996341,77.288240
405.501830,159.355880,39.890684,77.279081
407.054658,159.360460,39.448421,77.275417
408.275790,159.362291,39.976280,78.664865
408.011860,156.667567,39.482659,77.829731
409.258670,156.085134,39.285211,76.145276
410.357395,156.927362,39.206232,75.471494
411.396884,156.264253,39.174640,73.890912
411.412680,157.054544,39.162003,73.258679
413.418998,157.370661,39.156949,74.316855
413.421526,156.841573,39.859691,74.740125
414.070154,156.629937,40.140788,74.909434
414.929606,156.545283,40.253227,76.327558
414.873387,155.836221,40.298202,78.285722
415.850899,153.857139,40.316193,79.068987
414.841904,154.465506,39.618624,77.991380
417.190688,155.004310,39.339597,76.209935
417.330201,154.895032,39.227986,74.186288
419.386007,153.906856,39.888106,74.687899
420.055947,153.656051,40.152154,76.238944
420.923923,152.880528,40.257773,76.859363
421.871113,151.570319,39.595257,75.757129
424.202372,151.121436,40.035014,74.005165
424.982493,151.997417,39.506153,72.031497
426.246923,151.984251,39.294608,70.006221
426.352696,152.996889,39.209991,67.996297
427.395005,154.001852,39.176144,67.192327
426.411928,153.403837,39.162605,65.705871
428.418698,152.147065,39.157189,66.276157
428.421405,150.861922,39.155023,67.704085
429.422489,150.147957,39.154156,69.511065
428.422922,149.244467,39.153810,71.506740
429.423095,148.246630,39.858436,73.616080
429.070782,146.191960,40.140286,75.810217
429.929857,146.094892,40.253026,76.687872
429.873487,145.656064,40.298122,77.038934
430.850939,144.480533,40.316161,75.828957
430.841920,145.085522,40.323376,75.344966
431.838312,145.327517,39.621498,75.151370
432.189251,145.424315,39.340746,76.424333
433.329627,144.787834,39.228446,75.583117
433.385777,144.208442,39.183526,76.597032
434.408237,143.701484,39.165558,75.652196
434.417221,143.173902,39.158370,73.963193
435.420815,144.018404,39.155495,72.014708
436.422252,144.992646,39.154345,69.999506
437.422827,145.000247,39.153885,69.193425
438.423057,145.403288,39.153701,70.106801
439.423149,143.946599,39.153628,71.745034
439.423186,143.127483,39.153598,73.711397
441.423201,141.144301,39.153587,74.497942
441.423207,140.751029,39.153582,73.501491
442.423209,141.249254,39.153580,73.102910
443.423210,140.448545,39.153579,74.254548
444.423210,138.872726,39.858343,73.404133
444.070828,139.297933,39.435485,73.063967
446.282258,138.468016,39.266341,74.238970
447.366829,136.880515,39.198684,74.708972
447.400658,137.645514,39.171621,76.247374
447.414190,136.876313,39.160796,76.862734
448.419602,136.568633,39.156466,77.108879
448.421767,136.445561,39.154733,77.207336
448.422633,136.396332,39.154041,77.246720
449.422980,136.376640,39.153764,78.653386
449.423118,134.673307,39.153653,80.648694
451.423174,131.675653,39.858373,81.446817
451.070814,131.276591,40.140261,81.766066
451.929870,130.116967,40.253016,80.461125
452.873492,129.769437,40.298118,78.548235
453.850941,128.725882,41.042066,76.432677
453.478967,130.783661,40.613738,74.275385
455.693131,128.862307,39.737643,74.723537
456.131179,129.638231,40.091969,76.253200
455.954016,127.873400,40.233699,76.865065
455.883150,127.567468,39.585627,75.759409
457.207187,127.120295,39.326398,74.006078
458.336801,126.996961,39.927471,73.304745
458.036265,127.347627,40.167900,71.751329
457.916050,128.124335,40.264072,72.402846
457.867964,127.798577,40.302540,72.663452
458.848730,127.668274,40.317928,74.078764
458.841036,126.960618,40.324083,75.995291
459.837959,125.002355,41.052452,78.152815
459.473774,123.923593,41.343800,79.015824
460.328100,122.492088,40.734432,77.970115
461.632784,122.014943,39.785920,76.201429
461.107040,122.899285,39.406515,74.182886
462.296742,123.908557,39.254753,74.686538
463.372623,123.656731,39.194049,76.238400
463.402976,122.880800,39.874531,78.250059
463.062734,121.874971,40.146724,79.054722
463.926638,121.472639,39.550837,77.985674
464.224582,121.007163,39.312482,77.558054
465.343759,120.220973,39.217140,76.036605
466.391430,120.981697,39.179003,74.116956
467.410498,120.941522,39.163749,74.660166
468.418126,119.669917,39.862411,73.566380
468.068794,119.216810,40.141876,74.439936
467.929062,118.780032,40.253662,74.789358
467.873169,118.605321,40.298377,74.929127
467.850812,118.535437,40.316262,73.673965
468.841869,118.163018,40.323417,74.482969
469.838292,116.758515,40.326278,74.806571
469.836861,116.596714,40.327423,74.936012
470.836288,115.531994,40.327881,74.987788
470.836060,114.506106,40.328064,73.697429
471.835968,115.151285,40.328137,74.492355
471.835931,114.753822,40.328167,76.160727
472.835917,113.919636,39.623414,75.477674
473.188293,113.261163,39.341513,75.204453
473.329244,112.397773,39.228752,76.445566
474.385624,111.777217,39.183648,75.591610
474.408176,112.204195,39.165607,73.938958
474.417197,113.030521,39.158390,73.277897
476.420805,112.361051,39.155503,71.740590
474.422248,113.129705,39.154349,72.398550
477.422826,112.800725,39.858651,72.661734
475.070674,112.669133,40.140372,74.078077
476.929814,111.960961,39.548296,73.333545
478.225852,112.333228,39.311466,71.762849
478.344267,113.118575,39.216734,69.898762
478.391633,114.050619,39.178841,67.953313
479.410580,114.023343,39.868448,67.175133
479.065776,114.412433,40.144291,68.063676
478.927855,113.968162,40.254628,69.654901
479.872686,112.172549,39.593998,71.564275
480.203001,111.217863,39.329747,73.639093
481.335127,108.180453,39.224046,73.157951
481.387977,108.421024,39.886530,74.276564
481.056735,107.861718,40.151524,74.724009
481.924238,107.637995,40.983429,74.902987
481.508286,107.548506,40.590283,74.974578
482.704858,107.512711,39.728261,75.003215
483.135870,107.498393,39.383451,73.703600
483.308274,107.148200,39.245528,71.910871
483.377236,107.044564,39.190358,69.957971
483.404821,107.021015,39.168291,67.976997
483.415855,108.011502,39.159464,66.019739
484.420268,108.990131,39.155933,65.236835
484.422034,109.381582,39.154520,64.923674
485.422740,109.538163,39.153955,65.963278
486.423022,110.018361,39.153729,67.578934
485.423135,108.210533,39.153639,69.461005
486.423180,108.269498,39.153603,71.486716
486.423199,106.256642,39.153588,72.297000
487.423206,105.851500,39.153583,72.621114
488.423209,105.689443,39.153580,72.750760
488.423210,104.624620,39.153579,72.802618
488.423210,103.598691,39.153579,71.550478
488.423210,103.224761,39.153579,71.049622
489.423211,102.475189,39.153579,70.849280
490.423211,102.575360,39.153579,70.769143
491.423211,102.615428,39.153579,72.009971
491.423211,100.995014,39.153579,73.817372
492.423211,100.091314,39.153579,75.890734
492.423211,99.054633,39.153579,76.720078
492.423211,98.639961,39.153579,75.701415
492.423211,98.149293,39.153579,73.982880
493.423211,99.008560,39.153579,72.022583
494.423211,98.988708,39.153579,70.002656
495.423211,98.998672,39.858343,69.194685
496.070828,99.402658,40.140249,68.871496
495.929876,99.564252,40.253011,69.978030
495.873494,100.010985,40.298116,71.693526
495.850942,100.153237,40.316158,73.690794
496.841921,99.154603,41.049282,75.840103
497.475359,98.079949,42.090217,76.699826
497.954892,97.650087,43.276705,78.434629
496.361647,96.782686,42.981186,79.128550
499.509407,96.435725,42.862978,80.838760
498.568511,95.580620,42.815695,81.522843
499.592153,95.238578,42.796782,83.272097
500.601609,94.363952,42.789216,85.491687
499.605392,92.254156,42.786190,86.379523
501.606905,91.810238,43.555095,86.734658
500.222453,91.632671,43.862657,86.876712
501.068672,90.561644,44.778900,88.499019
499.610550,89.750491,45.145397,90.760391
500.427301,88.619804,45.291996,91.664940
500.354002,88.167530,45.350636,92.026760
501.324682,86.986620,46.191107,90.559038
500.904447,86.720481,47.368821,88.406464
500.315590,86.796768,46.998381,86.025545
500.500810,87.987227,46.850205,86.593067
501.574898,88.703467,45.973919,85.300186
502.013040,89.349907,46.440420,84.783034
501.779790,89.608483,47.468546,86.096062
501.265727,89.951969,47.038271,86.621273
502.480865,89.689363,46.049146,88.396843
502.975427,88.801578,44.860277,90.719521
503.569862,87.640239,43.614614,90.036142
505.192693,86.981929,42.368665,88.197305
505.815668,86.901347,41.144378,85.941882
506.427811,87.029059,39.949898,83.564092
507.025051,87.217954,39.472107,82.612976
507.263947,86.693512,39.280990,80.799889
507.359505,86.600055,39.204543,78.683741
507.397728,86.658130,39.878729,77.837281
507.060636,86.081359,39.443639,76.148296
508.278181,85.925852,39.269603,74.161632
507.365199,85.919184,39.199988,73.366967
508.400006,85.316516,39.172143,74.360170
508.413929,85.819915,39.161004,76.107853
508.419498,82.946073,39.156549,76.806926
508.421725,83.596537,39.154767,78.477469
509.422617,82.761265,39.154054,80.578327
509.422973,81.710836,39.153769,82.894291
509.423116,80.552855,39.153655,83.820676
509.423173,80.089662,39.153609,84.191230
509.423195,79.904385,39.153591,84.339452
509.423205,79.830274,39.153584,84.398740
510.423208,80.800630,39.153581,85.942345
511.423210,81.028828,39.153580,88.125272
511.423210,80.937364,39.153579,90.610893
511.423210,79.694554,39.153579,91.605141
512.423211,79.197430,39.153579,93.663664
512.423211,78.168168,39.153579,94.487073
512.423211,77.756464,39.153579,94.816437
512.423211,76.591782,39.858343,96.658830
512.070828,75.670585,40.140249,97.395788
512.929876,74.302106,40.978919,97.690571
512.510541,74.154715,42.062071,99.570452
511.968964,73.214774,42.495332,98.560436
511.752334,72.719782,42.668636,96.445782
511.665682,72.777109,42.737958,93.939097
511.631021,72.030452,42.765687,91.323973
511.617157,72.338014,42.776778,88.712437
511.611611,71.643781,43.551330,86.147935
511.224335,72.926033,44.654369,83.646513
510.672815,73.176743,45.095585,84.121565
510.452207,72.939217,45.272071,82.835965
511.363964,73.582017,44.549447,80.889085
511.725276,73.555458,44.260398,78.719419
512.869801,73.640291,44.144778,76.501151
512.927611,73.749424,44.098530,74.302774
512.950735,73.848613,44.873249,72.150541
513.563375,74.924730,44.389918,70.053839
512.805041,75.973081,44.196586,68.015344
513.901707,76.992328,43.349138,66.035077
515.325431,76.982461,43.780274,65.242971
514.109863,77.378515,43.182613,64.926128
515.408693,77.536936,43.713664,64.799391
515.143168,77.600304,44.719303,65.913565
514.640349,77.043218,45.121558,66.359234
514.439221,76.820383,44.489242,67.737316
514.755379,76.131342,43.466200,69.524358
516.266900,74.237821,43.056984,70.239174
516.471508,73.880413,42.893297,70.525101
517.553351,73.737450,42.827822,71.912354
516.586089,72.043823,42.801633,73.778325
517.599184,70.110837,42.791157,75.875115
518.604422,67.062442,42.039282,78.104745
518.980359,63.947628,41.012624,78.996596
520.493688,64.501702,40.601961,80.785978
520.699019,63.607011,40.437696,82.977351
519.781152,61.511325,40.371990,85.373789
520.814005,60.313106,40.345708,84.812475
520.827146,60.593762,40.335195,83.112330
521.832403,61.443835,41.056897,80.999630
520.471552,64.500185,41.345578,78.763637
520.327211,64.618181,41.461050,76.518838
521.269475,65.740581,41.507239,74.309849
521.246380,65.845075,41.525715,72.153371
522.237143,66.923315,40.807198,70.054971
523.596401,66.972515,39.815026,68.015797
524.092487,67.992102,39.418158,66.035259
525.290921,67.982371,39.259410,64.112103
525.370295,67.943948,39.195911,64.473781
525.402044,67.763109,39.170512,65.783321
526.414744,67.108340,39.865116,67.506951
525.067442,66.246525,39.438194,66.996588
526.280903,66.501706,39.972189,66.792444
526.013905,65.603778,39.481023,65.545917
527.259489,66.227041,39.284556,63.916367
527.357722,66.041817,39.205970,63.264547
527.397015,66.367727,39.174535,63.003819
527.412732,66.498091,39.866726,64.030467
527.066637,65.984766,39.438838,64.441127
528.280581,65.779437,39.267682,64.605391
528.366159,65.697305,39.199220,64.671096
528.400390,65.664452,39.171835,64.697379
528.414082,64.651311,39.160881,64.707891
529.419559,64.646054,39.861264,65.876965
529.069368,64.061518,40.141417,66.344594
528.929291,63.827703,40.253479,66.531646
529.873261,63.734177,41.024211,67.806281
528.487895,64.096860,41.332503,69.551943
529.333748,63.224028,41.455820,70.250208
528.272090,62.874896,41.505147,70.529515
529.247426,62.735243,40.798971,70.641237
529.600515,62.679382,39.811736,70.685926
530.094132,62.657037,39.416841,70.703801
531.291579,62.648099,39.258884,70.710952
531.370558,61.644524,39.900465,70.713812
531.049767,61.643094,40.157098,70.714956
530.921451,61.642522,40.259751,70.715413
530.870125,61.642293,39.596048,70.715597
532.201976,60.642202,39.330566,70.715670
532.334717,60.642165,39.224374,70.715699
533.387813,60.642150,39.181897,71.988594
533.409052,60.005703,39.164906,72.497752
533.417547,59.751124,39.158110,72.701415
533.420945,58.649293,39.155391,72.782880
534.422304,57.608560,39.154304,71.542583
534.422848,57.228708,39.153869,69.810656
535.423066,57.094672,39.153695,67.918070
535.423153,57.040965,39.153625,65.996168
536.423187,58.001916,39.153597,65.227407
535.423201,58.386296,39.153586,64.919903
536.423207,58.540049,39.153582,65.961769
536.423209,58.019115,39.153580,67.578330
536.423210,57.210835,39.153579,68.224955
536.423210,56.887523,39.153579,68.483604
537.423211,56.758198,39.153579,68.587064
537.423211,56.706468,39.153579,68.628448
537.423211,56.685776,39.153579,68.645002
538.423211,56.677499,39.153579,69.887432
537.423211,56.056284,39.153579,69.148595
538.423211,55.425702,39.153579,67.653246
539.423211,56.173377,39.153579,67.055107
539.423211,56.472447,39.153579,66.815851
540.423211,56.592075,39.153579,66.720149
539.423211,56.639926,39.858343,67.881682
540.070828,56.059159,39.435485,67.146481
541.282258,55.426760,39.266341,68.052215
540.366829,54.973893,39.198684,68.414508
541.400658,54.792746,39.171621,68.559426
541.414190,54.720287,39.160796,67.417579
541.419602,55.291211,39.156466,68.160654
542.421767,54.919673,39.154733,67.258070
541.422633,54.370965,39.154041,68.096850
543.422980,53.951575,39.153764,68.432363
541.423118,54.783819,39.153653,69.802376
543.423174,54.098812,39.153608,69.114573
541.423196,54.442714,39.153591,67.639637
543.423205,55.180181,39.153584,65.884795
542.423208,55.057603,39.153581,66.347726
543.423210,55.826137,39.153580,65.368030
543.423210,56.315985,39.153579,63.845212
543.423210,57.077394,39.153579,64.367025
543.423211,56.816488,39.153579,65.740618
543.423211,56.129691,39.153579,66.290055
543.423211,55.854972,39.153579,65.344962
544.423211,56.327519,39.858343,64.966925
543.070828,56.516538,39.435485,63.684770
544.282258,57.157615,39.266341,64.302848
544.366829,56.848576,39.198684,65.714947
544.400658,56.142526,39.171621,67.479601
545.414190,55.260199,39.160796,66.985649
544.419602,55.507176,39.156466,67.987882
545.421767,55.006059,39.154733,68.388775
545.422633,54.805612,39.154041,68.549133
545.422980,54.725434,39.153764,67.413461
546.423118,55.293269,39.153653,65.794324
545.423174,56.102838,39.153608,66.311538
545.423196,55.844231,39.153591,67.718238
545.423205,55.140881,39.153584,69.516726
545.423208,55.241637,39.153581,71.509005
545.423210,54.245498,39.153580,73.616985
545.423210,53.191507,39.153579,73.149108
545.423210,53.425446,39.153579,71.689074
546.423211,54.155463,39.858343,69.869252
545.070828,54.065374,40.140249,67.941509
544.929876,55.029245,40.253011,68.370226
544.873494,55.814887,40.298116,68.541713
544.850942,55.729144,41.042066,69.846116
544.478967,56.076942,41.339645,70.367878
544.330177,55.816061,41.458677,70.576582
544.270661,55.711709,41.506290,71.932947
544.246855,55.033527,41.525335,72.475493
544.237332,54.762254,41.532953,72.692511
544.233523,54.653744,41.536000,72.779319
544.232000,54.610341,41.537219,72.814041
544.231390,54.592979,41.537707,72.827931
544.231147,54.586035,41.537902,72.833486
544.231049,54.583257,41.537980,72.835709
544.231010,54.582146,41.538011,72.836597
544.230995,54.581701,41.538023,72.836953
544.230988,54.581523,41.538028,72.837095
544.230986,54.581452,41.538030,72.837152
544.230985,54.581424,41.538031,72.837175
543.230984,54.581413,42.285716,72.837184
542.857142,54.581408,43.354905,72.837188
542.322547,54.581406,43.012466,72.837189
542.493767,54.581405,42.127805,72.837190
542.936097,54.581405,41.048034,71.564307
544.475983,55.217847,40.616125,71.055154
543.691937,55.472423,39.738597,69.615684
544.130701,56.192158,39.387586,67.840082
544.306207,57.079959,39.247182,65.964973
544.376409,58.017514,39.191020,66.379797
543.404490,58.810101,39.168555,66.545727
543.415722,58.727136,39.159569,66.612099
542.420215,58.693950,39.155975,65.473780
542.422012,59.263110,39.154537,63.887512
542.422731,60.056244,39.153962,64.383945
541.423019,60.808028,39.153732,64.582518
541.423134,60.708741,39.153640,65.826815
540.423180,61.086592,39.153603,66.324534
541.423198,60.837733,39.153589,67.723436
539.423206,61.138282,39.153583,69.518806
540.423209,59.240597,39.858345,70.236953
539.070828,58.881523,40.140250,69.288404
538.929875,59.355798,40.253012,68.908984
537.873494,59.545508,40.298116,67.557402
537.850942,60.221299,40.316158,67.016769
536.841921,60.491616,40.323375,66.800516
536.838313,60.599742,40.326262,66.714015
535.836869,60.642993,40.327416,67.879228
535.836292,60.060386,40.327878,69.581122
534.836061,59.209439,40.328063,69.026071
534.835969,59.486964,39.623372,70.039860
535.188314,59.980070,40.046261,69.209566
532.976870,60.395217,40.941323,70.113258
532.529338,60.943371,41.299348,71.747617
531.350326,61.126191,41.442558,71.128478
531.278721,61.435761,41.499842,69.645014
531.250079,62.177493,41.522756,67.851814
530.238622,64.074093,42.279606,68.334348
528.860197,63.832826,41.834661,67.327547
528.082669,64.336226,40.930776,65.759959
529.534612,65.120021,39.864458,64.001984
530.067771,65.999008,39.437930,62.200793
529.281035,66.899603,39.267319,60.414298
529.366340,67.792851,39.199075,58.664729
528.400462,68.667635,39.171777,56.960077
528.414111,69.519962,39.160858,55.302657
528.419571,70.348672,39.156491,53.692544
527.421755,71.153728,39.154743,53.048499
527.422628,72.475750,39.154045,53.738026
526.422978,73.130987,39.153765,54.989395
526.423117,73.505303,39.153653,56.494768
525.423173,71.752616,39.153609,58.131888
525.423196,71.934056,39.153591,59.852755
525.423205,69.073622,39.153584,61.639102
525.423208,68.180449,39.153581,63.484581
525.423210,68.257710,39.153580,65.387641
525.423210,67.306180,39.153579,67.348679
525.423210,68.325661,39.153579,69.368903
524.423211,66.315549,39.153579,71.449875
523.423211,66.275062,39.153579,72.282264
523.423211,66.858868,39.153579,71.342337
523.423211,67.328832,39.153579,72.239249
522.423211,66.880376,39.153579,72.598014
522.423211,66.700993,39.153579,74.052589
522.423211,65.973706,39.153579,75.984821
522.423211,65.007590,39.153579,78.148627
521.423211,64.925687,39.153579,77.623236
521.423211,65.188382,39.153579,76.062678
521.423211,65.968661,39.153579,75.438455
520.423211,66.280773,39.153579,76.539167
521.423211,65.730417,39.153579,75.629050
520.423211,66.185475,39.858343,76.615405
520.070828,65.692297,40.866156,78.400861
518.566922,64.799570,40.543374,79.115043
520.728313,63.442479,39.709497,78.009802
520.145252,63.995099,39.375946,76.217304
520.312027,64.891348,39.242526,75.500305
520.378737,65.249847,39.189158,75.213506
519.405421,65.393247,39.872575,75.098786
519.063713,65.450607,39.441177,76.403299
519.279411,65.798350,39.268618,76.925105
519.365691,64.537448,39.199595,78.524740
518.400203,64.737630,39.171985,77.773681
518.414007,63.113159,39.865706,76.122856
518.067147,58.938572,40.869101,75.462526
516.565449,61.268737,40.544552,76.548795
516.727724,63.725602,40.414733,75.632902
516.792634,58.183549,39.658040,73.955475
517.170980,60.022263,39.355363,72.011621
516.322318,60.994190,39.234293,72.506962
516.382854,61.746519,39.185864,74.016168
516.407068,61.991916,39.166493,75.970252
516.416753,62.014874,39.863509,78.142799
515.068246,59.928600,40.142315,80.444459
513.928842,59.777770,39.549073,81.365123
514.225463,59.317438,39.311777,81.733389
515.344112,59.133306,39.216858,83.356315
514.391571,59.321842,39.178890,84.005486
514.410555,57.997257,39.868468,85.785043
514.065766,57.107479,40.144299,86.496866
513.927851,56.751567,39.549867,85.261706
514.225067,57.369147,39.312094,84.767642
514.343953,57.616179,39.921749,86.089905
513.039125,57.955047,39.460847,88.184296
512.269577,58.907852,39.276486,90.634502
512.361757,60.682749,39.202742,93.275408
512.398629,54.362296,39.173244,92.670947
512.413378,55.664526,39.161445,94.089986
511.419278,56.955007,39.156725,94.657602
511.421637,58.671199,39.154837,96.595296
510.422581,64.702352,39.154082,95.659726
511.422959,59.170137,39.153780,96.996146
510.423110,64.501927,39.153659,99.292682
510.423170,62.353659,39.153611,102.026123
510.423194,67.986939,39.153592,101.304672
510.423204,64.347664,39.153584,99.254125
509.423208,70.372938,39.153581,96.723257
510.423210,63.638371,39.153580,94.050087
509.423210,66.974957,39.153579,92.980819
508.423210,73.509591,39.153579,90.940661
508.423211,71.529669,39.153579,88.559113
508.423211,71.720443,39.153579,89.171979
508.423211,70.414010,39.153579,91.029576
509.423211,64.485212,39.153579,93.433438
509.423211,64.283281,39.153579,96.105631
510.423211,58.947185,39.153579,98.936476
509.423211,60.531762,39.153579,101.883640
509.423211,58.058180,39.858343,104.931778
509.070828,57.534111,39.435485,108.076382
509.282258,55.961809,39.266341,111.317334
509.366829,55.341333,39.198684,114.656318
509.400658,53.671841,39.171621,115.991912
510.414190,53.004044,39.865560,116.526150
509.067220,52.736925,40.869043,116.739845
508.565478,52.630078,42.018121,116.825323
507.990940,51.587339,43.247867,116.859514
506.376066,51.570243,43.739766,118.977072
507.130117,50.511464,43.936525,117.720213
506.031738,51.139893,44.015229,119.321352
506.992386,50.339324,44.046710,117.857925
506.976645,51.071037,44.059303,115.229952
506.970349,52.385024,44.857558,114.178762
506.571221,52.910619,45.176861,111.775176
506.411570,54.112412,45.304582,112.796852
506.347709,54.101574,45.355670,115.248125
506.322165,53.375937,45.376105,114.186032
506.311947,52.906984,45.384279,111.778084
506.307860,54.110958,46.204564,112.798015
505.897718,53.600993,46.532678,111.222877
505.733661,53.388561,47.505449,110.592822
504.247275,52.703589,47.894558,112.323910
505.052721,52.838045,48.050201,115.058949
504.974899,52.470526,48.112458,114.110361
504.943771,51.944820,48.137361,115.773529
504.931319,52.113235,49.014094,116.438796
504.492953,51.780602,49.364787,114.662300
503.317607,51.668850,49.505064,111.968591
504.247468,53.015704,48.694404,108.965758
504.652798,54.517121,49.236911,109.689974
505.381545,54.155013,48.587142,108.054311
504.706429,54.972844,49.194006,109.325396
505.402997,55.337302,49.436752,111.816940
504.281624,54.091530,50.426625,114.856161
503.786688,53.571920,50.822574,116.071849
503.588713,52.964075,50.980953,116.558124
503.509523,51.720938,50.151531,114.710031
503.924235,52.644984,48.952990,111.987684
505.523505,53.006158,47.632048,108.973395
506.183976,54.513303,47.945197,109.693029
506.027401,54.153485,48.070457,109.980883
505.964772,54.009559,48.120561,110.096024
505.939720,53.951988,48.140602,110.142081
505.929699,53.928960,48.148619,110.160504
505.925691,53.919748,47.310300,108.242523
506.344850,53.878739,46.157957,105.606059
506.921021,54.196970,45.697020,106.420745
507.151490,54.789627,45.512645,106.746620
508.243677,54.626690,45.438895,106.876969
508.280552,54.561515,45.409395,105.059838
507.295302,54.470081,45.397595,106.202257
507.301202,54.898872,46.209891,108.584574
506.895055,53.707713,46.534809,107.612151
506.732596,54.193924,46.664776,107.223182
506.667612,54.388409,46.716763,107.067594
506.641619,54.466203,46.737558,107.005359
506.631221,54.497320,46.745875,106.980465
506.627062,54.509767,46.749203,106.970508
506.625399,54.514746,46.750533,106.966525
505.624733,54.516738,46.751066,106.964931
505.624467,53.517534,46.751279,105.095023
505.624361,54.452489,47.592889,104.347059
505.203555,54.826470,48.796305,104.047874
503.601847,54.976063,49.277671,103.928200
504.361164,55.035900,49.470218,103.880330
503.264891,55.059835,50.440011,105.730453
502.779995,55.134773,51.747486,108.395853
503.126257,54.802074,52.270476,111.445122
501.864762,53.277439,53.426816,112.664830
501.286592,52.667585,53.889352,111.169603
501.055324,52.415198,54.074367,112.554623
500.962817,51.722689,54.148373,111.125520
499.925814,52.437240,54.177975,108.628530
500.911012,53.685735,54.189816,105.760462
499.905092,54.119769,55.170111,104.613235
499.414944,54.693383,56.567055,104.154344
498.716473,54.922828,58.160802,103.970788
497.919599,55.014606,58.798302,103.897365
497.600849,55.051317,59.053301,103.867996
497.473349,55.066002,60.221320,103.856248
496.889340,55.071876,61.786528,103.851549
496.106736,56.074225,62.412611,105.718941
496.793694,56.140529,62.663045,108.391248
496.668478,55.804376,62.763218,111.443280
496.618391,54.278360,62.803287,114.706697
496.598356,52.646652,61.721315,113.969460
497.139343,52.015270,60.222507,111.691455
496.888747,52.154272,60.689003,110.780253
497.655499,52.609873,59.809582,108.490423
497.095209,53.754789,60.523833,107.574491
497.738084,54.212755,59.743514,109.133467
499.128243,53.433266,58.396416,111.740168
498.801792,52.129916,57.857577,110.799739
499.071212,52.600131,56.637215,108.498217
499.681392,53.750892,56.149071,109.502958
499.925465,53.248521,54.978254,111.887965
501.510873,52.056018,53.562783,114.884571
502.218608,51.557715,52.077037,116.083213
502.961481,50.958394,50.589964,116.562670
503.705018,50.718665,49.995135,114.711849
504.002433,50.644075,49.757203,116.014124
504.121398,49.992938,49.662031,118.638916
504.168985,49.680542,50.516736,117.584951
502.741632,49.207524,50.858618,119.267247
503.570691,49.366377,51.914929,117.836283
502.042536,49.081858,52.337453,119.367780
501.831273,48.316110,53.453607,122.147376
501.273196,47.926312,54.875628,121.092217
500.562186,47.453892,55.444436,120.670153
500.277782,47.664923,55.671959,120.501328
500.164020,47.749336,55.762968,120.433797
500.118516,47.783101,55.799372,120.406785
500.100314,47.796607,55.813934,120.395980
500.093033,47.802010,55.819758,120.391658
500.090121,47.804171,55.822088,120.389930
500.088956,47.805035,55.823020,120.389238
500.088490,47.805381,55.823393,120.388962
500.088304,47.805519,55.823542,120.388851
500.088229,47.805575,55.823601,120.388807
500.088199,47.805597,55.823625,120.388789
500.088187,47.805606,55.823635,120.388782
500.088183,47.805609,55.823639,120.388779
500.088181,47.805610,55.823640,120.388778
500.088180,47.805611,55.823641,120.388777
500.088180,47.805611,55.823641,120.388777
500.088179,47.805611,55.823641,120.388777
500.088179,47.805611,55.823641,120.388777
500.088179,47.805611,55.823641,120.388777
500.088179,47.805611,55.823641,120.388777
500.088179,47.805611,55.823641,120.388777
500.088179,47.805611,55.823641,120.388777
500.088179,47.805611,55.823641,120.388777
500.088179,47.805611,55.823641,120.388777
500.088179,47.805611,55.823641,120.388777
501.088179,47.805611,54.848082,118.284896
500.575959,48.857552,55.433418,119.547225
501.283291,48.226388,54.691993,117.948275
500.654003,49.025863,54.395423,119.412576
501.802288,49.293712,53.329651,119.998297
502.335175,49.000852,51.983784,118.128703
503.008108,48.935648,51.445437,119.484748
504.277281,48.257626,50.337324,117.923284
503.831338,49.038358,49.894079,119.402580
504.052960,49.298710,50.609555,117.890417
503.695222,49.054792,50.895746,119.389433
503.552127,49.305284,51.929780,122.156037
503.035110,47.921981,51.423836,121.095681
504.288082,47.452159,50.328684,118.567657
504.835658,48.716171,49.023851,115.513844
505.488074,49.243078,47.660393,112.309209
506.169804,50.845396,47.115010,113.010465
506.442495,50.494768,47.738382,115.333571
505.130809,50.333215,48.854502,114.220210
504.572749,49.889895,49.300950,113.774865
505.349525,50.112567,48.612758,111.613617
504.693621,51.193191,48.337481,108.823768
505.831259,52.588116,47.385845,107.707829
506.307078,53.146086,46.188175,105.392182
506.905912,54.303909,44.915889,102.651096
508.542056,54.674452,43.636859,101.554662
509.181570,55.222669,42.377563,99.354120
509.811219,56.322940,41.147937,96.763256
510.426032,57.618372,40.656086,97.437558
510.671957,57.281221,40.459346,99.469247
511.770327,57.265377,41.106558,102.096749
510.446721,55.951626,40.639535,103.147749
510.680233,55.426125,40.452726,105.437421
511.773637,55.281289,40.378002,106.353290
511.810999,54.823355,41.074020,106.719638
511.462990,53.640181,40.626520,104.996905
510.686740,53.501547,39.742755,102.492985
511.128622,54.753507,39.389249,99.729450
512.305375,56.135275,39.247847,98.624036
512.376076,56.687982,39.896050,99.943838
512.051975,57.028081,40.155332,102.286585
510.922334,55.856707,40.259044,105.092956
511.870478,55.453522,40.300529,106.215504
511.849735,54.892248,41.043031,106.664523
511.478485,53.667738,40.614124,104.974859
510.692938,53.512570,39.737797,102.484167
511.131102,54.757916,39.387266,99.725922
511.306367,56.137039,39.247054,98.622625
512.376473,56.688688,39.895733,99.943273
511.052133,57.028363,40.155205,102.286359
510.922398,55.856820,40.258994,105.092865
511.870503,55.453567,40.300509,106.215468
510.849745,54.892266,41.043023,108.589858
511.478489,53.705071,41.340028,107.614265
510.329986,53.192868,41.458830,105.354756
510.270585,54.322622,40.780444,102.636126
510.609778,55.681937,39.804325,101.548674
512.097838,56.225663,39.413877,102.928519
511.293061,55.535740,39.962463,105.349729
512.018769,55.325135,40.181897,106.318213
511.909052,54.840893,40.995578,106.705607
510.502211,53.647197,41.321050,104.991293
510.339475,54.504354,40.725332,102.490740
510.637334,54.754630,39.782280,99.728552
511.108860,56.135724,39.405059,98.623676
512.297470,56.688162,39.958935,99.943694
511.020532,56.028153,40.180486,100.471701
511.909757,56.764150,40.269106,102.497730
510.865447,55.751135,40.304554,103.308142
510.847723,55.345929,41.044641,105.501578
510.477680,54.249211,40.614768,104.509681
510.692616,54.745159,39.738054,102.298096
512.130973,55.850952,40.092133,101.413462
510.953933,56.293269,40.233765,102.874435
510.883117,55.562783,40.290418,103.458824
510.854791,55.270588,41.038986,105.561851
510.480507,55.219074,41.338413,108.328412
510.330793,53.835794,40.732277,107.509686
510.633861,54.245157,40.489823,107.182196
510.755089,53.408902,40.392841,105.181928
510.803580,54.409036,39.649284,102.566995
511.175358,55.716503,39.351861,101.521021
512.324070,56.239489,39.232892,102.917459
511.383554,55.541271,39.890068,105.345305
511.054966,54.327348,39.448175,104.447172
512.275913,54.776414,39.271417,104.087919
511.364291,54.956041,39.200714,103.944218
511.399643,55.027891,39.172433,103.886737
511.413784,55.056631,39.161120,103.863745
511.419440,55.068128,39.156595,103.854548
511.421702,55.072726,39.154785,103.850869
511.422607,55.074565,39.154061,103.849398
511.422969,55.075301,39.153772,103.848809
511.423114,55.075595,39.153656,103.848574
511.423172,55.075713,39.153610,103.848480
511.423195,55.075760,39.153591,103.848442
511.423204,55.075779,39.153584,103.848427
511.423208,55.075787,39.153581,103.848421
511.423210,55.075790,39.153580,103.848418
511.423210,55.075791,39.153579,103.848417
511.423210,55.075791,39.153579,103.848417
511.423211,55.075792,39.153579,103.848417
511.423211,55.075792,39.153579,103.848417
511.423211,55.075792,39.153579,103.848417
511.423211,55.075792,39.153579,103.848417
511.423211,55.075792,39.858343,105.717688
511.070828,54.141156,39.435485,104.596125
511.282258,54.701937,39.266341,104.147500
511.366829,54.926250,39.198684,103.968050
511.400658,55.015975,39.171621,103.896270
511.414190,55.051865,39.160796,103.867558
511.419602,55.066221,39.156466,103.856073
511.421767,55.071963,39.154733,103.851479
511.422633,55.074260,39.154041,103.849642
511.422980,55.075179,39.153764,103.848907
511.423118,55.075547,39.153653,103.848613
511.423174,55.075694,39.153608,103.848495
511.423196,55.075752,39.153591,103.848448
511.423205,55.075776,39.153584,103.848429
511.423208,55.075785,39.153581,103.848422
511.423210,55.075789,39.153580,103.848419
511.423210,55.075791,39.153579,103.848418
511.423210,55.075791,39.153579,103.848417
511.423211,55.075791,39.153579,103.848417
511.423211,55.075792,39.153579,103.848417
511.423211,55.075792,39.153579,103.848417
511.423211,55.075792,39.153579,103.848417
511.423211,55.075792,39.153579,103.848417
511.423211,55.075792,39.153579,103.848417
511.423211,55.075792,39.153579,103.848417
511.423211,55.075792,39.153579,103.848417
511.423211,55.075792,39.153579,103.848417
511.423211,55.075792,39.153579,103.848417
511.423211,55.075792,39.153579,103.848417
511.423211,55.075792,39.153579,103.848417
511.423211,55.075792,39.153579,103.848417
511.423211,55.075792,39.153579,103.848417
511.423211,55.075792,39.153579,103.848417
511.423211,55.075792,39.153579,103.848417
511.423211,55.075792,39.153579,103.848417
511.423211,55.075792,39.153579,103.848417
511.423211,55.075792,39.153579,103.848417
511.423211,55.075792,39.153579,103.848417
512.423211,55.075792,39.153579,103.848417
511.423211,55.075792,39.153579,103.848417
511.423211,55.075792,39.153579,103.848417
511.423211,55.075792,39.153579,103.848417
511.423211,55.075792,39.153579,103.848417
511.423211,55.075792,39.153579,103.848417
511.423211,55.075792,39.153579,103.848417
511.423211,55.075792,39.153579,103.848417
511.423211,55.075792,39.153579,103.848417
511.423211,55.075792,39.153579,103.848417
511.423211,55.075792,39.153579,103.848417
511.423211,55.075792,39.153579,103.848417
511.423211,55.075792,39.153579,103.848417
511.423211,55.075792,39.153579,103.848417
511.423211,55.075792,39.153579,103.848417
511.423211,55.075792,39.153579,103.848417
511.423211,55.075792,39.153579,103.848417
511.423211,55.075792,39.153579,103.848417
511.423211,55.075792,39.153579,103.848417
511.423211,55.075792,39.153579,103.848417
511.423211,55.075792,39.153579,103.848417
511.423211,55.075792,39.153579,103.848417
511.423211,55.075792,39.153579,103.848417
511.423211,55.075792,39.153579,103.848417
511.423211,55.075792,39.153579,103.848417
511.423211,55.075792,39.153579,103.848417
511.423211,55.075792,39.153579,103.848417
511.423211,55.075792,39.153579,103.848417
511.423211,55.075792,39.153579,103.848417
511.423211,55.075792,39.153579,103.848417
511.423211,55.075792,39.153579,103.848417
511.423211,55.075792,39.153579,103.848417
511.423211,55.075792,39.153579,103.848417
511.423211,55.075792,39.153579,103.848417
511.423211,55.075792,39.153579,103.848417
511.423211,55.075792,39.858343,105.717688
511.070828,54.141156,39.435485,104.596125
511.282258,54.701937,39.266341,104.147500
511.366829,54.926250,39.198684,103.968050
511.400658,55.015975,39.171621,103.896270
511.414190,55.051865,39.160796,103.867558
511.419602,55.066221,39.156466,103.856073
511.421767,55.071963,39.154733,103.851479
511.422633,55.074260,39.154041,103.849642
511.422980,55.075179,39.153764,103.848907
511.423118,55.075547,39.153653,103.848613
511.423174,55.075694,39.153608,103.848495
511.423196,55.075752,39.858355,105.717720
511.070822,54.141140,39.435489,104.596138
511.282255,54.701931,39.266343,104.147505
511.366829,54.926247,39.198684,103.968052
511.400658,55.015974,39.171621,103.896271
511.414189,55.051865,39.160796,103.867558
511.419602,55.066221,39.156466,103.856073
511.421767,55.071963,39.154733,103.851479
511.422633,55.074260,39.154041,103.849642
511.422980,55.075179,39.153764,103.848907
511.423118,55.075547,39.153653,103.848613
511.423174,55.075694,39.153608,103.848495
511.423196,55.075752,39.153591,103.848448
511.423205,55.075776,39.153584,103.848429
511.423208,55.075785,39.153581,103.848422
511.423210,55.075789,39.858344,105.717690
511.070828,54.141155,39.435485,104.596126
511.282258,54.701937,39.266341,104.147500
511.366829,54.926250,39.198684,103.968050
511.400658,55.015975,39.171621,103.896270
511.414190,55.051865,39.865560,105.736830
511.067220,54.131585,39.438371,104.603782
511.280814,54.698109,39.267496,104.150563
511.366252,54.924719,39.199146,103.969275
511.400427,55.015362,39.171806,103.896760
511.414097,55.051620,39.160869,103.867754
511.419565,55.066123,39.156495,103.856152
511.421752,55.071924,39.154745,103.851511
511.422627,55.074245,39.154045,103.849654
511.422977,55.075173,39.153765,103.848912
511.423117,55.075544,39.153653,103.848615
511.423173,55.075693,39.153609,103.848496
511.423196,55.075752,39.153591,103.848448
511.423205,55.075776,39.153584,103.848429
511.423208,55.075785,39.153581,103.848422
511.423210,55.075789,39.153580,103.848419
511.423210,55.075791,39.153579,103.848418
511.423210,55.075791,39.153579,103.848417
511.423211,55.075791,39.153579,103.848417
511.423211,55.075792,39.153579,103.848417
511.423211,55.075792,39.153579,103.848417
511.423211,55.075792,39.153579,103.848417
511.423211,55.075792,39.153579,103.848417
511.423211,55.075792,39.153579,103.848417
511.423211,55.075792,39.153579,103.848417
511.423211,55.075792,39.153579,103.848417
511.423211,55.075792,39.153579,103.848417
511.423211,55.075792,39.153579,103.848417
511.423211,55.075792,39.153579,103.848417
511.423211,55.075792,39.153579,103.848417
511.423211,55.075792,39.153579,103.848417
511.423211,55.075792,39.153579,103.848417
511.423211,55.075792,39.153579,103.848417
511.423211,55.075792,39.153579,103.848417
511.423211,55.075792,39.153579,103.848417
511.423211,55.075792,39.153579,103.848417
511.423211,55.075792,39.153579,103.848417
511.423211,55.075792,39.153579,103.848417
511.423211,55.075792,39.153579,103.848417
511.423211,55.075792,39.153579,103.848417
511.423211,55.075792,39.153579,103.848417
511.423211,55.075792,39.153579,103.848417
511.423211,55.075792,39.153579,103.848417
511.423211,55.075792,39.153579,103.848417
511.423211,55.075792,39.153579,103.848417
511.423211,55.075792,39.153579,103.848417
511.423211,55.075792,39.153579,103.848417
511.423211,55.075792,39.153579,103.848417
511.423211,55.075792,39.153579,103.848417
511.423211,55.075792,39.153579,103.848417
511.423211,55.075792,39.153579,103.848417
511.423211,55.075792,39.153579,103.848417
511.423211,55.075792,39.153579,103.848417
511.423211,55.075792,39.153579,103.848417
511.423211,55.075792,39.153579,103.848417
511.423211,55.075792,39.153579,103.848417
511.423211,55.075792,39.153579,103.848417
511.423211,55.075792,39.153579,103.848417
511.423211,55.075792,39.153579,103.848417
511.423211,55.075792,39.153579,103.848417
511.423211,55.075792,39.153579,103.848417
511.423211,55.075792,39.153579,103.848417
511.423211,55.075792,39.153579,103.848417
511.423211,55.075792,39.153579,103.848417
511.423211,55.075792,39.153579,103.848417
511.423211,55.075792,39.153579,103.848417
511.423211,55.075792,39.153579,103.848417
511.423211,55.075792,39.153579,103.848417
511.423211,55.075792,39.153579,103.848417
511.423211,55.075792,39.153579,103.848417
511.423211,55.075792,39.153579,103.848417
511.423211,55.075792,39.153579,103.848417
511.423211,55.075792,39.153579,103.848417
511.423211,55.075792,39.153579,103.848417
511.423211,55.075792,39.153579,103.848417
511.423211,55.075792,39.153579,103.848417
511.423211,55.075792,39.153579,103.848417
511.423211,55.075792,39.153579,103.848417
511.423211,55.075792,39.153579,103.848417
511.423211,55.075792,39.153579,103.848417
511.423211,55.075792,39.153579,103.848417
511.423211,55.075792,39.153579,103.848417
511.423211,55.075792,39.153579,103.848417
511.423211,55.075792,39.153579,103.848417
511.423211,55.075792,39.153579,103.848417
511.423211,55.075792,39.153579,103.848417
511.423211,55.075792,39.153579,103.848417
511.423211,55.075792,39.153579,103.848417
511.423211,55.075792,39.153579,103.848417
511.423211,55.075792,39.153579,103.848417
511.423211,55.075792,39.153579,103.848417
511.423211,55.075792,39.153579,103.848417
511.423211,55.075792,39.153579,103.848417
511.423211,55.075792,39.153579,103.848417
511.423211,55.075792,39.153579,103.848417
511.423211,55.075792,39.153579,103.848417
511.423211,55.075792,39.153579,103.848417
511.423211,55.075792,39.153579,103.848417
511.423211,55.075792,39.153579,103.848417
511.423211,55.075792,39.153579,103.848417
511.423211,55.075792,39.153579,103.848417
511.423211,55.075792,39.153579,103.848417
511.423211,55.075792,39.153579,103.848417
511.423211,55.075792,39.153579,103.848417
511.423211,55.075792,39.153579,103.848417
511.423211,55.075792,39.153579,103.848417
511.423211,55.075792,39.153579,103.848417
511.423211,55.075792,39.153579,103.848417
511.423211,55.075792,39.153579,103.848417
511.423211,55.075792,39.153579,103.848417
511.423211,55.075792,39.153579,103.848417
511.423211,55.075792,39.153579,103.848417
511.423211,55.075792,39.153579,103.848417
511.423211,55.075792,39.153579,103.848417
511.423211,55.075792,39.153579,103.848417
511.423211,55.075792,39.153579,103.848417
511.423211,55.075792,39.153579,103.848417
511.423211,55.075792,39.153579,103.848417
511.423211,55.075792,39.153579,103.848417
511.423211,55.075792,39.153579,103.848417
511.423211,55.075792,39.153579,103.848417
511.423211,55.075792,39.858343,105.717688
511.070828,54.141156,39.435485,108.390746
511.282258,53.804627,39.266341,109.459970
511.366829,53.270015,39.198684,107.962309
511.400658,53.018845,39.171621,105.493974
510.414190,54.253013,39.160796,102.691813
511.419602,55.654094,39.861230,103.385775
511.069385,55.307112,40.867311,105.532632
509.566344,54.233684,40.543836,108.316724
510.728082,53.841638,40.414446,107.505011
509.792777,53.247494,39.657926,105.311054
511.171037,54.344473,39.355318,102.618645
511.322341,55.690677,39.939039,103.356508
510.030481,55.321746,40.898435,105.520925
509.550783,55.239538,40.556286,104.517420
510.721857,54.741290,39.714661,105.985290
511.142669,55.007355,40.082776,108.497787
509.958612,53.751107,39.525258,107.577436
511.237371,54.211282,39.302250,107.209296
511.348875,53.395352,39.213047,105.192768
510.393476,54.403616,39.177366,102.571331
511.411317,55.714335,39.867858,103.337582
510.066071,55.331209,39.439291,105.513354
511.280355,55.243323,39.267863,108.309013
510.366068,53.845494,39.199293,107.501927
511.400354,54.249037,39.876629,109.104442
511.061686,53.447779,40.873471,109.745448
509.563265,53.127276,40.546300,108.076501
510.726850,52.961750,40.415432,109.334271
509.792284,52.332864,39.658320,107.912030
511.170840,53.043985,39.355475,109.268483
510.322262,52.365758,39.234337,107.885715
511.382831,53.057143,39.185882,105.463336
510.407059,54.268332,39.166500,102.679558
511.416750,55.660221,39.863512,103.380873
510.068244,55.309563,39.437552,105.530671
511.281224,55.234665,39.267168,108.315940
510.366416,53.842030,39.199015,107.504697
511.400493,54.247651,39.876517,109.105550
510.061741,53.447225,39.442754,107.820542
511.278623,53.089729,39.269249,105.437267
510.365376,54.281367,39.199847,102.669130
511.400077,55.665435,39.876850,103.376702
510.061575,55.311649,39.442887,105.529002
511.278556,55.235499,39.269302,108.315272
510.365349,53.842364,39.199868,107.504430
511.400066,53.247785,39.172095,105.310822
510.413953,54.344589,39.160985,102.618552
511.419507,55.690724,39.861306,103.356471
510.069347,55.321765,39.436670,105.520910
511.281665,55.239545,39.266815,108.312035
510.366592,53.843982,39.198873,107.503136
511.400563,53.248432,39.171697,105.310304
510.414152,54.344848,39.160826,102.618345
511.419587,55.690827,39.861242,103.356388
510.069379,55.321806,39.436644,105.520877
511.281678,55.239562,39.266805,108.312022
510.366598,53.843989,39.198869,107.503130
511.400565,54.248435,39.171695,105.310302
510.414153,54.344849,39.160825,102.618344
511.419587,55.690828,39.861242,103.356388
510.069379,55.321806,39.436644,105.520877
511.281678,55.239562,39.266805,108.312022
510.366598,53.843989,39.198869,107.503130
511.400565,54.248435,39.876459,109.104923
510.061770,53.447538,39.442731,107.820291
511.278634,53.089855,39.269240,105.437166
510.365380,54.281417,39.199843,102.669090
511.400078,55.665455,39.876849,103.376686
510.061576,55.311657,39.442887,105.528996
511.278557,55.235502,39.269302,108.315270
510.365349,53.842365,39.199868,107.504429
511.400066,54.247785,39.876859,109.105443
510.061571,53.447279,39.442891,107.820499
511.278555,53.089751,39.269304,105.437250
510.365348,54.281375,39.199869,102.669123
511.400066,55.665438,39.876859,103.376699
510.061570,55.311650,39.442891,105.529001
511.278555,55.235499,39.269304,108.315272
510.365348,53.842364,39.199869,107.504430
510.400066,54.247785,39.172095,105.310822
510.413953,54.344589,39.160985,102.618552
511.419507,55.690724,39.861306,103.356471
510.069347,55.321765,39.436670,105.520910
511.281665,55.239545,39.266815,108.312035
510.366592,53.843982,39.198873,107.503136
510.400563,53.248432,39.171697,105.310304
511.414152,54.344848,39.160826,102.618345
510.419587,55.690827,39.156478,101.541561
511.421761,56.229219,39.154738,101.110848
510.422631,56.444576,39.154043,100.938562
511.422979,56.530719,39.153764,100.869648
510.423118,56.565176,39.153653,100.842083
511.423173,56.578959,39.153608,100.831056
510.423196,56.584472,39.153591,100.826646
511.423205,56.586677,39.153584,100.824882
510.423208,56.587559,39.153581,100.824176
511.423210,56.587912,39.153580,102.638720
510.423210,56.680640,39.153579,105.233810
511.423210,55.383095,39.858343,108.197195
510.070828,53.901402,39.435485,107.457200
510.282258,53.271400,39.266341,105.291930
511.366829,54.354035,39.198684,104.425822
510.400658,54.787089,39.171621,102.264552
511.414190,55.867724,39.865560,103.214871
510.067220,55.392565,39.438371,101.780172
511.280814,56.109914,39.972260,103.021119
510.013870,55.489441,39.481051,105.386769
511.259474,55.306615,39.284568,108.258379
510.357716,53.870811,39.205974,107.481673
510.397013,54.259163,39.174537,105.301719
510.412731,54.349140,39.161962,102.614911
511.419019,55.692544,39.861697,103.355014
510.069152,55.322493,39.436826,101.836229
511.281587,56.081885,39.971642,103.043542
510.014179,55.478229,39.480804,103.526467
511.259598,55.236767,39.989233,105.588908
510.005383,55.205546,39.487841,104.544613
511.256080,54.727693,39.287284,104.126895
510.356358,54.936552,39.207061,102.144981
511.396470,55.927509,39.879736,103.167043
510.060132,55.416479,39.444042,101.761040
511.277979,56.119480,39.269764,101.198639
511.365118,56.400680,39.200053,100.973679
510.399974,56.513160,39.172168,100.883695
511.413916,56.558153,39.161015,102.662528
510.419493,56.668736,39.156553,105.243333
511.421723,55.378334,39.859533,108.201004
510.070234,53.899498,39.435960,107.458723
510.282020,53.270638,39.266531,105.292539
510.366734,54.353730,39.198760,102.611239
511.400620,55.694380,39.876416,103.353546
510.061792,55.323227,39.442714,101.835642
511.278643,56.082179,39.973997,103.043307
510.013001,55.478347,39.481746,103.526373
511.259127,55.236814,39.989610,105.588871
510.005195,55.205565,39.487991,104.544598
510.256004,54.727701,39.287344,102.312063
511.356328,55.843969,39.911849,103.233875
510.044075,55.383062,39.456887,105.471872
510.271557,55.264064,39.274902,104.497799
510.362549,54.751101,39.202108,102.293343
511.398946,55.853329,39.877755,103.226387
510.061123,55.386806,39.443249,105.468876
510.278375,55.265562,39.269447,104.496601
510.365277,54.751700,39.199926,102.292864
511.400037,55.853568,39.876882,103.226195
510.061559,55.386902,39.442900,101.784702
511.278550,56.107649,39.974072,103.022931
510.012964,55.488535,39.481776,101.703396
511.259112,56.148302,39.989622,102.990408
510.005189,55.504796,39.487996,103.505213
511.256002,55.247393,39.992110,105.580407
510.003945,54.209797,39.488991,104.541213
510.255504,54.729394,39.287744,102.310708
511.356128,55.844646,39.912009,103.233333
510.043995,55.383333,39.456951,101.787557
511.271525,56.106222,39.274928,101.209246
510.362536,56.395377,39.202118,100.977922
511.398941,56.511039,39.172995,102.700219
510.413503,56.649891,39.161345,105.258409
511.419327,55.370795,39.861450,108.207035
510.069275,53.896483,39.436727,107.461135
510.281636,53.269432,39.266838,105.293504
510.366581,54.353248,39.198883,102.611625
510.400559,55.694187,39.171700,101.538873
511.414150,56.230563,39.865592,102.924599
510.067204,56.537700,39.438384,105.348161
510.280808,55.325919,39.267501,104.448315
510.366250,54.775843,39.199148,102.273549
510.400426,55.863225,39.171806,101.403643
511.414097,56.298178,39.865634,102.870507
510.067183,55.564746,40.869073,105.326524
509.565464,55.336738,40.544541,106.308931
509.727730,54.845534,39.709964,104.832623
510.145018,54.583689,39.376133,102.427272
510.311934,54.786364,39.242600,99.703165
510.378700,56.148418,39.189187,98.613522
510.405406,56.693239,39.167822,98.177664
510.416089,57.911168,39.159276,99.765289
510.420362,58.117355,39.155858,102.215166
510.422071,56.892417,39.154490,105.064388
510.422755,55.467806,39.153943,104.334805
510.423028,54.832597,39.153725,102.228145
510.423138,55.885927,39.153637,101.385482
510.423181,56.307259,39.153602,101.048416
510.423199,56.475792,39.153588,100.913590
510.423206,56.543205,39.153583,100.859659
510.423209,56.570170,39.153580,100.838087
510.423210,56.580956,39.153579,100.829458
510.423210,56.585271,39.153579,100.826007
510.423210,56.586997,39.153579,100.824626
510.423211,56.587687,39.153579,100.824074
510.423211,56.587963,39.153579,100.823853
510.423211,56.588074,39.153579,100.823764
510.423211,56.588118,39.153579,100.823729
510.423211,56.588135,39.153579,100.823715
510.423211,56.588143,39.153579,100.823709
510.423211,56.588145,39.153579,100.823707
510.423211,56.588146,39.153579,100.823706
510.423211,56.588147,39.153579,100.823706
510.423211,56.588147,39.153579,100.823706
510.423211,56.588147,39.153579,100.823706
510.423211,56.588147,39.153579,100.823706
510.423211,56.588147,39.153579,100.823706
510.423211,56.588147,39.153579,100.823706
510.423211,56.588147,39.153579,100.823706
510.423211,56.588147,39.153579,100.823706
510.423211,56.588147,39.153579,100.823706
510.423211,56.588147,39.153579,100.823706
510.423211,56.588147,39.153579,100.823706
510.423211,56.588147,39.153579,100.823706
510.423211,56.588147,39.153579,100.823706
510.423211,56.588147,39.153579,100.823706
510.423211,56.588147,39.153579,100.823706
510.423211,56.588147,39.153579,100.823706
510.423211,56.588147,39.153579,100.823706
510.423211,56.588147,39.153579,100.823706
510.423211,56.588147,39.153579,100.823706
510.423211,56.588147,39.153579,100.823706
510.423211,56.588147,39.153579,100.823706
510.423211,56.588147,39.153579,100.823706
510.423211,56.588147,39.153579,100.823706
510.423211,56.588147,39.153579,100.823706
510.423211,56.588147,39.153579,100.823706
510.423211,56.588147,39.153579,100.823706
510.423211,56.588147,39.153579,100.823706
510.423211,56.588147,39.153579,99.061738
510.423211,57.469131,39.153579,96.646303
510.423211,58.676849,39.153579,97.390777
511.423211,58.304612,39.153579,99.450534
510.423211,57.274733,39.153579,100.274437
510.423211,56.862782,39.153579,98.842030
