433.894400,258.035200,22.000000,12.000000
434.000000,259.000000,21.344713,17.344713
434.327643,256.327643,21.458940,19.482599
434.270530,254.258701,21.892263,20.337753
435.053869,255.831124,22.464852,20.679815
433.767574,254.660093,23.105126,20.816639
434.447437,254.591680,23.784812,20.871369
434.107594,255.564315,24.492969,20.893261
433.753516,254.553369,24.776231,20.902018
434.611884,255.548991,25.338908,20.905521
433.330546,254.547240,26.026831,20.906922
434.986585,255.546539,26.778738,20.907482
433.610631,254.546259,27.079501,20.907706
433.460250,254.546147,27.199806,20.907796
434.400097,253.546102,26.771190,20.907832
433.614405,254.546084,27.076482,20.907846
434.461759,252.546077,26.721860,20.907852
433.639070,253.546074,27.056750,20.907854
434.471625,250.546073,27.190706,20.907855
434.404647,250.546072,27.244288,20.907855
435.377856,248.546072,27.265721,20.907856
434.367140,248.546072,27.765334,20.907856
435.117333,246.546072,27.474139,20.907856
434.262930,246.546072,26.880923,20.907856
436.559538,243.546072,26.180785,21.284197
435.909608,242.357901,26.363581,21.058392
436.818209,240.470804,25.973848,20.968070
438.013076,238.515965,26.280807,20.931942
436.859597,237.534029,26.280807,20.931942
438.859597,234.534029,26.280807,20.931942
437.859597,232.534029,26.280807,20.931942
438.859597,230.534029,26.280807,20.931942
437.859597,230.534029,26.280807,20.931942
439.859597,227.534029,26.280807,20.931942
437.859597,225.534029,26.280807,20.931942
439.859597,223.534029,26.280807,20.931942
437.859597,221.534029,26.280807,20.931942
438.859597,219.534029,26.280807,20.931942
437.859597,218.534029,26.280807,20.931942
439.859597,218.534029,26.280807,20.931942
439.859597,216.534029,26.280807,20.931942
438.859597,216.534029,26.280807,20.931942
437.859597,213.534029,26.280807,20.931942
436.859597,215.534029,26.280807,20.931942
434.859597,208.534029,26.280807,20.931942
435.859597,205.534029,26.280807,20.931942
434.859597,203.534029,26.280807,20.931942
433.859597,202.534029,26.280807,20.931942
435.859597,199.534029,26.280807,20.931942
433.859597,199.534029,26.280807,20.931942
435.859597,197.534029,26.280807,20.931942
437.859597,195.534029,26.280807,20.931942
435.859597,194.534029,26.280807,20.931942
436.859597,192.534029,26.280807,20.931942
434.859597,192.534029,26.880328,20.917490
436.559836,189.541255,26.880328,20.917490
435.559836,187.541255,26.880328,20.917490
437.559836,184.541255,26.880328,20.917490
435.559836,184.541255,26.880328,20.917490
437.559836,181.541255,26.880328,20.917490
435.559836,182.541255,26.880328,20.917490
439.559836,178.541255,26.880328,20.917490
436.559836,181.541255,26.880328,20.917490
437.559836,178.541255,26.880328,20.917490
435.559836,177.541255,26.880328,20.917490
440.559836,172.541255,26.880328,20.917490
442.559836,164.541255,26.880328,20.917490
443.559836,162.541255,26.880328,20.917490
444.559836,160.541255,26.880328,20.917490
442.559836,163.541255,26.880328,20.917490
444.559836,164.541255,26.880328,20.917490
442.559836,163.541255,26.880328,20.917490
444.559836,164.541255,26.880328,20.917490
443.559836,162.541255,26.880328,20.917490
444.559836,160.541255,26.880328,20.917490
442.559836,163.541255,26.880328,20.917490
444.559836,162.541255,26.880328,20.917490
442.559836,161.541255,26.880328,20.917490
441.559836,163.541255,26.880328,20.917490
443.559836,163.541255,26.880328,20.917490
442.559836,164.541255,26.880328,20.917490
443.559836,164.541255,26.880328,20.917490
442.559836,163.541255,26.880328,20.917490
442.559836,165.541255,26.880328,20.917490
442.559836,162.541255,26.880328,20.917490
442.559836,162.541255,26.880328,20.917490
442.559836,163.541255,26.880328,20.917490
443.559836,164.541255,26.880328,20.917490
442.559836,163.541255,26.880328,20.917490
443.559836,165.541255,26.880328,20.917490
442.559836,163.541255,26.880328,20.917490
443.559836,164.541255,26.880328,20.917490
442.559836,162.541255,26.880328,20.917490
443.559836,161.541255,26.880328,20.917490
441.559836,163.541255,26.880328,20.917490
443.559836,163.541255,26.880328,20.917490
442.559836,163.541255,26.880328,20.917490
443.559836,164.541255,26.880328,20.917490
442.559836,162.541255,26.880328,20.917490
443.559836,162.541255,26.880328,20.917490
442.559836,163.541255,26.880328,20.917490
443.559836,164.541255,26.880328,20.917490
442.559836,163.541255,26.880328,20.917490
443.559836,164.541255,26.880328,20.917490
442.559836,162.541255,26.880328,20.917490
443.559836,162.541255,26.880328,20.917490
442.559836,163.541255,26.880328,20.917490
443.559836,163.541255,26.880328,20.917490
442.559836,163.541255,26.880328,20.917490
443.559836,163.541255,26.880328,20.917490
442.559836,163.541255,26.880328,20.917490
443.559836,163.541255,26.880328,20.917490
442.559836,163.541255,26.880328,20.917490
443.559836,163.541255,26.880328,20.917490
442.559836,163.541255,26.880328,20.917490
443.559836,163.541255,26.880328,20.917490
442.559836,163.541255,26.880328,20.917490
443.559836,163.541255,26.880328,20.917490
442.559836,163.541255,26.880328,20.917490
443.559836,163.541255,26.880328,20.917490
442.559836,163.541255,26.880328,20.917490
443.559836,163.541255,26.880328,20.917490
442.559836,163.541255,26.880328,20.917490
443.559836,163.541255,26.880328,20.917490
442.559836,163.541255,26.880328,20.917490
443.559836,163.541255,26.880328,20.917490
442.559836,163.541255,27.611177,20.911709
443.194411,163.544145,27.611177,20.911709
442.194411,163.544145,27.611177,20.911709
443.194411,163.544145,27.412477,21.285739
443.293762,163.357131,27.412477,21.285739
442.293762,163.357131,27.412477,21.285739
443.293762,163.357131,26.856258,21.435350
442.571871,163.282325,26.633771,21.118854
443.683115,163.440573,26.633771,21.118854
442.683115,163.440573,26.544776,20.992255
443.727612,163.503873,26.046326,20.941615
442.976837,163.529192,26.309798,20.921360
442.845101,163.539320,26.415187,20.913257
443.792407,163.543371,25.994490,20.910016
443.002755,163.544992,25.826211,20.908720
444.086894,163.545640,25.309528,20.908201
443.345236,163.545899,25.552227,20.907994
444.223887,164.546003,25.199934,21.284252
443.400033,162.357874,24.622735,21.434756
444.688633,163.282622,24.391855,21.118616
443.804073,163.440692,24.735786,20.992160
444.632107,163.503920,24.873358,20.941577
443.563321,163.529211,25.377758,21.297686
444.311121,163.351157,26.042371,21.063788
442.978814,163.468106,26.308216,20.970229
442.845892,163.514886,26.414554,20.932805
443.792723,163.533598,25.994237,20.917835
443.002882,163.541082,25.826110,20.911848
444.086945,163.544076,25.309488,20.909452
443.345256,163.545274,25.552210,20.908494
444.223895,163.545753,25.199928,20.908111
443.400036,163.545944,25.508386,21.284299
444.245807,163.357850,25.182398,21.058433
444.408801,163.470783,25.052003,20.968087
443.473998,163.515957,25.449216,21.308290
444.275392,163.345855,26.070954,21.444371
442.964523,163.277815,26.796387,21.122462
443.601806,163.438769,26.609823,20.993698
442.695089,163.503151,27.011935,20.942193
443.494033,163.528904,26.696042,20.921590
442.651979,163.539205,27.046422,20.913350
443.476789,163.543325,26.709837,20.910053
442.645082,163.544973,27.051940,20.908735
443.474030,163.545633,26.712044,20.908207
442.643978,163.545896,26.576085,20.907996
443.711957,163.546002,26.058849,20.907912
442.970575,163.546044,26.314807,20.907878
442.842596,163.546061,26.417191,20.907865
443.791405,163.546068,25.995291,20.907859
443.002354,163.546070,25.826532,20.907857
444.086734,163.546071,25.309657,20.907856
443.345172,163.546072,25.552278,20.907856
444.223861,163.546072,25.199955,20.907856
443.400022,163.546072,25.508397,20.907856
444.245801,163.546072,25.182403,20.907856
444.408799,163.546072,25.052005,20.907856
443.473998,163.546072,25.449217,21.284197
444.275391,163.357901,25.158731,21.058392
444.420635,163.470804,25.042536,20.968070
443.478732,163.515965,24.996058,20.931942
444.501971,163.534029,25.426839,20.917490
443.286581,163.541255,25.599151,20.911709
444.200425,163.544145,25.218704,20.909397
443.390648,163.545301,25.515897,20.908472
444.242052,163.545764,25.185403,20.908102
444.407299,163.545949,25.053205,20.907954
443.473398,163.546023,25.449697,21.284237
444.275151,163.357882,26.071147,21.434749
442.964427,163.282625,26.796464,21.118613
443.601768,163.440693,26.609853,20.992159
442.695073,163.503921,27.011947,20.941577
443.494026,163.529212,26.696046,20.921344
442.651977,163.539328,27.046424,21.289593
443.476788,163.355204,26.709837,21.060550
442.645081,163.469725,27.051941,20.968934
443.474030,163.515533,26.712044,20.932287
442.643978,163.533857,27.052823,20.917628
443.473588,163.541186,26.712397,20.911765
442.643802,163.544118,27.052964,20.909419
443.473518,163.545290,26.712453,20.908481
442.643773,163.545759,27.052987,20.908106
443.473506,163.545947,26.712462,20.907956
442.643769,163.546022,27.052991,20.907896
443.473505,163.546052,26.712464,20.907872
442.643768,163.546064,27.052991,20.907862
443.473504,163.546069,26.712464,20.907858
442.643768,163.546071,27.052991,20.907857
443.473504,163.546072,26.712464,20.907856
442.643768,163.546072,27.052991,20.907856
443.473504,163.546072,26.712464,20.907856
442.643768,163.546072,27.052991,20.907856
443.473504,163.546072,26.712464,20.907856
442.643768,163.546072,27.052991,20.907856
443.473504,163.546072,26.712464,20.907856
442.643768,163.546072,27.052991,20.907856
443.473504,163.546072,26.712464,20.907856
442.643768,163.546072,27.052991,20.907856
443.473504,163.546072,26.712464,20.907856
442.643768,163.546072,27.052991,20.907856
443.473504,163.546072,26.712464,20.907856
442.643768,163.546072,27.052991,20.907856
443.473504,163.546072,26.712464,20.907856
442.643768,163.546072,27.052991,20.907856
443.473504,163.546072,26.712464,20.907856
442.643768,163.546072,27.052991,20.907856
443.473504,163.546072,26.712464,20.907856
442.643768,163.546072,27.052991,20.907856
443.473504,163.546072,26.712464,20.907856
442.643768,163.546072,27.052991,20.907856
443.473504,163.546072,26.712464,20.907856
442.643768,163.546072,27.052991,20.907856
443.473504,163.546072,26.712464,20.907856
442.643768,163.546072,27.052991,20.907856
443.473504,163.546072,26.712464,20.907856
442.643768,163.546072,27.052991,21.284197
443.473504,163.357901,26.712464,21.058392
442.643768,163.470804,27.052991,20.968070
443.473504,163.515965,26.712464,20.931942
442.643768,163.534029,27.052991,20.917490
443.473504,163.541255,26.712464,20.911709
442.643768,163.544145,27.052991,20.909397
443.473504,163.545301,26.712464,20.908472
442.643768,163.545764,27.052991,20.908102
443.473504,163.545949,26.712464,20.907954
442.643768,163.546023,27.052991,20.907895
443.473504,163.546052,26.712464,20.907871
442.643768,163.546064,27.052991,20.907862
443.473504,163.546069,26.712464,20.907858
442.643768,163.546071,27.052991,20.907857
443.473504,163.546072,26.712464,20.907856
442.643768,163.546072,27.052991,20.907856
443.473504,163.546072,26.712464,20.907856
442.643768,163.546072,27.052991,20.907856
443.473504,163.546072,26.712464,20.907856
442.643768,163.546072,27.052991,20.907856
443.473504,163.546072,26.712464,20.907856
442.643768,163.546072,27.052991,20.907856
443.473504,163.546072,26.712464,20.907856
442.643768,163.546072,27.052991,20.907856
443.473504,163.546072,26.712464,20.907856
442.643768,163.546072,27.052991,20.907856
443.473504,163.546072,26.712464,20.907856
442.643768,163.546072,27.052991,20.907856
443.473504,163.546072,26.712464,20.907856
442.643768,163.546072,27.052991,20.907856
443.473504,163.546072,26.712464,20.907856
442.643768,163.546072,27.052991,20.907856
443.473504,163.546072,26.712464,20.907856
442.643768,163.546072,27.052991,20.907856
443.473504,163.546072,26.712464,20.907856
442.643768,163.546072,27.052991,20.907856
443.473504,163.546072,26.712464,20.907856
442.643768,163.546072,27.052991,20.907856
443.473504,163.546072,26.712464,20.907856
442.643768,163.546072,27.052991,20.907856
443.473504,163.546072,26.712464,20.907856
442.643768,163.546072,27.052991,20.907856
443.473504,163.546072,26.712464,20.907856
442.643768,163.546072,27.052991,20.907856
443.473504,163.546072,26.712464,20.907856
442.643768,163.546072,27.052991,20.907856
443.473504,163.546072,26.712464,20.907856
442.643768,163.546072,26.576253,20.907856
443.711873,163.546072,26.058917,20.907856
443.970542,163.546072,25.402610,20.907856
444.298695,163.546072,24.703805,20.907856
443.648097,162.546072,24.860566,21.284197
444.569717,162.357901,24.923270,21.822365
444.538365,162.088817,25.397723,22.436893
443.301138,161.781553,26.050357,22.283444
443.974822,161.858278,25.848558,21.834432
444.075721,162.082784,25.318467,21.278486
443.340766,162.360757,25.555802,21.432449
444.222099,162.283775,25.650736,21.881666
444.174632,162.059167,26.151562,22.460614
443.924219,161.769693,25.889040,22.292932
444.055480,161.853534,25.784031,22.225859
444.107984,161.887070,25.742028,22.199030
444.128986,161.900485,25.725226,22.188299
444.137387,161.905851,25.718506,22.184006
444.140747,161.907997,25.266446,21.794657
444.366777,162.102671,25.534994,22.026549
444.232503,161.986725,26.105265,22.518567
443.947367,161.740717,25.870521,22.715374
444.064739,161.642313,25.327252,22.394836
444.336374,160.802582,25.109945,22.266621
443.445028,161.866690,25.023022,21.827703
444.488489,162.086148,25.437624,22.039768
443.281188,161.980116,25.603465,21.736962
444.198268,162.131519,26.132654,22.003471
442.933673,161.998264,26.821067,22.509336
443.589466,161.745332,26.619694,22.711681
442.690153,161.644159,27.015883,22.792620
443.492058,160.603690,27.665399,22.425734
442.167300,161.787133,28.430977,22.678241
442.784512,160.660880,29.258153,22.779243
441.370924,161.610378,29.589023,23.230883
441.205489,160.384559,29.721371,23.835114
441.139315,161.082443,30.310883,24.513090
440.844559,159.743455,30.010115,24.347997
440.994943,159.826002,29.889808,24.718243
441.055096,159.640879,29.841685,25.315712
441.079158,158.342144,30.359009,25.105329
439.820496,159.447336,30.029365,25.470547
440.985317,158.264727,29.897508,26.079486
440.051246,158.960257,30.381338,26.799800
440.809331,156.600100,30.574870,27.087926
440.712565,158.456037,30.652282,26.726438
440.673859,157.636781,30.146675,26.118990
440.926663,159.940505,30.481004,25.876011
440.759498,158.061994,31.167406,25.329448
440.416297,159.335276,30.889297,24.674540
441.555351,159.662730,30.778053,23.989002
441.610973,161.005499,30.733556,24.138362
441.633222,159.930819,31.268427,23.774530
442.365786,161.112735,32.051626,23.217759
441.974187,160.391120,31.795655,22.595790
441.102173,160.702105,32.262517,21.959371
440.868742,162.020315,33.035589,21.328462
440.482205,162.335769,32.758490,21.076098
440.620755,162.461951,32.647651,20.975153
440.676175,162.512424,33.189643,20.934775
440.405179,162.532613,33.406440,20.918623
440.296780,162.540688,33.493158,20.912163
440.253421,162.543919,33.527846,21.285920
440.236077,162.357040,34.145638,21.435423
439.927181,162.282289,33.788838,21.495224
439.105581,162.252388,33.059790,21.142803
440.470105,162.428598,32.198921,21.001835
440.900540,162.499083,32.423823,20.945447
439.788089,162.527276,31.944534,21.299234
441.027733,162.350383,31.752818,21.828380
440.123591,162.085810,31.123462,22.439299
441.438269,161.780350,31.424389,23.094905
440.287805,160.452547,30.992090,22.945909
440.503955,161.527045,30.282598,22.886311
440.858701,160.556845,30.535374,22.862471
440.732313,160.568764,31.189154,22.852936
440.405423,160.573532,30.897996,22.449861
439.551002,160.775070,30.244960,22.288631
440.877520,159.855685,30.520319,21.836507
440.739841,160.081746,30.093889,21.279316
439.953055,161.360342,29.402373,21.056440
442.298814,160.471780,28.619995,20.967289
440.690002,161.516355,27.816004,21.307971
443.091998,160.346015,27.494407,21.444243
442.252796,160.277878,27.856809,21.122411
441.071596,161.438795,28.001769,20.993678
442.999115,160.503161,27.568713,20.942185
442.215643,160.528908,27.886531,20.921587
442.056734,160.539206,28.519430,20.913348
441.740285,160.543326,29.293534,20.910053
441.353233,161.544974,29.603175,20.908735
442.198412,160.545633,29.206087,20.908207
441.396956,161.545896,29.047252,21.284338
442.476374,160.357831,28.477947,21.434790
441.761027,161.282605,28.755996,21.882602
441.622002,161.058699,29.388160,22.460988
441.305920,160.769506,29.641026,22.293082
442.179487,159.853459,29.221228,22.625180
441.389386,160.687410,29.053308,22.358758
441.473346,160.820621,28.986141,22.252190
442.506930,160.873905,29.480218,21.821931
441.259891,161.089035,30.214422,22.037459
440.892789,160.981271,31.060773,22.522931
441.469613,160.738535,31.968564,22.717119
440.015718,161.641440,31.762430,22.794795
441.118785,160.602603,32.249227,22.426604
439.875387,160.786698,31.874695,21.891697
441.062652,161.054152,31.724883,21.677733
440.137559,161.161133,31.112288,21.215807
441.443856,161.392097,30.867250,21.031036
440.566375,161.484482,30.232662,20.957128
440.883669,161.521436,29.457882,20.927565
442.271059,161.536218,28.642199,21.292081
441.678901,161.353960,28.315925,21.437887
442.842037,161.281056,27.694376,21.496210
442.152812,161.251895,27.445756,21.907170
443.277122,161.046415,26.869570,21.683923
442.565215,161.158039,26.639096,21.218283
442.680452,161.390859,26.546906,21.032026
442.726547,161.483987,26.047178,21.333865
443.976411,161.333067,25.397915,21.078260
444.301043,161.460870,25.587581,20.976017
443.206209,161.511991,25.214076,20.935120
444.392962,161.532440,25.514046,20.918762
443.242977,161.540619,25.184662,21.288559
444.407669,161.355720,25.502280,21.060137
443.248860,161.469931,25.179956,21.345110
444.410022,161.327445,24.614743,21.082757
444.692628,161.458621,24.824941,20.977816
443.587529,161.511092,24.472738,20.935840
444.763631,161.532080,24.768139,20.919049
443.615931,161.540475,24.450017,20.912333
444.774992,161.543833,24.759051,20.909647
443.620475,161.545177,24.446381,20.908572
444.776809,161.545714,24.757596,20.908142
443.621202,161.545929,24.445800,20.907970
444.777100,161.546015,24.757364,20.907902
443.621318,161.546049,24.445707,20.907874
444.777147,161.546063,24.757326,21.284204
443.621337,161.357898,24.445692,21.058395
444.777154,161.470802,24.757321,20.968072
443.621340,161.515964,24.445689,20.931942
444.777155,161.534029,24.757320,20.917490
443.621340,161.541255,24.445689,20.911710
444.777156,161.544145,24.757319,20.909397
443.621340,161.545301,24.445689,20.908472
444.777156,161.545764,24.757319,20.908102
443.621340,161.545949,24.445689,20.907954
444.777156,161.546023,24.757319,20.907895
443.621340,161.546052,24.445689,20.907871
444.777156,161.546064,24.757319,20.907862
443.621340,161.546069,24.445689,20.907858
444.777156,161.546071,24.757319,20.907857
443.621340,161.546072,24.445689,20.907856
444.777156,161.546072,24.757319,20.907856
443.621340,161.546072,24.445689,20.907856
444.777156,161.546072,24.757319,21.284197
443.621340,161.357901,24.445689,21.058392
444.777156,161.470804,24.757319,20.968070
443.621340,161.515965,24.445689,20.931942
444.777156,161.534029,24.757319,20.917490
443.621340,161.541255,24.445689,20.911709
444.777156,161.544145,24.757319,20.909397
443.621340,161.545301,24.445689,20.908472
444.777156,161.545764,24.757319,20.908102
443.621340,161.545949,24.445689,20.907954
444.777156,161.546023,24.757319,20.907895
443.621340,161.546052,24.445689,20.907871
444.777156,161.546064,24.757319,20.907862
443.621340,161.546069,24.445689,20.907858
444.777156,161.546071,24.757319,20.907857
443.621340,161.546072,24.445689,20.907856
444.777156,161.546072,24.757319,20.907856
443.621340,161.546072,24.445689,20.907856
444.777156,161.546072,24.757319,20.907856
443.621340,161.546072,24.445689,20.907856
444.777156,161.546072,24.757319,20.907856
443.621340,161.546072,24.445689,20.907856
444.777156,161.546072,24.757319,20.907856
443.621340,161.546072,24.445689,20.907856
444.777156,161.546072,24.757319,20.907856
443.621340,161.546072,24.445689,20.907856
444.777156,161.546072,24.757319,20.907856
443.621340,161.546072,24.445689,20.907856
444.777156,161.546072,24.321037,20.907856
443.839482,161.546072,23.847600,20.907856
445.076200,161.546072,24.081801,20.907856
443.959099,161.546072,23.751906,20.907856
445.124047,161.546072,24.043523,20.907856
443.978238,161.546072,23.736595,20.907856
445.131703,161.546072,24.037399,20.907856
443.981301,161.546072,23.734145,20.907856
445.132927,161.546072,24.036419,20.907856
443.981790,161.546072,23.733753,20.907856
445.133123,161.546072,24.036262,20.907856
443.981869,161.546072,23.733690,20.907856
445.133155,161.546072,24.036237,20.907856
443.981881,161.546072,23.733680,20.907856
445.133160,161.546072,24.036233,20.907856
443.981883,161.546072,23.733679,20.907856
445.133161,161.546072,24.036233,20.907856
443.981884,161.546072,23.733679,20.907856
445.133161,161.546072,24.036232,20.907856
443.981884,161.546072,23.733678,20.907856
445.133161,161.546072,24.036232,20.907856
443.981884,161.546072,23.733678,20.907856
445.133161,161.546072,24.036232,20.907856
443.981884,161.546072,23.733678,20.907856
445.133161,161.546072,24.036232,20.907856
443.981884,161.546072,23.733678,20.907856
445.133161,161.546072,24.036232,20.907856
443.981884,161.546072,23.733678,20.907856
445.133161,161.546072,24.036232,20.907856
443.981884,161.546072,23.733678,20.907856
445.133161,161.546072,24.036232,20.907856
443.981884,161.546072,23.733678,20.907856
445.133161,161.546072,24.036232,20.907856
443.981884,161.546072,23.733678,20.907856
445.133161,161.546072,24.036232,20.907856
443.981884,161.546072,23.733678,20.907856
445.133161,161.546072,24.036232,20.907856
443.981884,161.546072,23.733678,20.907856
445.133161,161.546072,24.036232,20.907856
443.981884,161.546072,23.733678,20.907856
445.133161,161.546072,24.036232,20.907856
443.981884,161.546072,23.733678,20.907856
445.133161,161.546072,24.036232,20.907856
443.981884,161.546072,23.733678,20.907856
445.133161,161.546072,24.036232,20.907856
443.981884,161.546072,23.733678,20.907856
445.133161,161.546072,24.036232,20.907856
443.981884,161.546072,23.733678,20.907856
445.133161,161.546072,24.036232,20.907856
443.981884,161.546072,23.733678,20.907856
445.133161,161.546072,24.036232,20.907856
443.981884,161.546072,23.733678,20.907856
445.133161,161.546072,24.036232,20.907856
443.981884,161.546072,23.733678,20.907856
445.133161,161.546072,24.036232,20.907856
443.981884,161.546072,23.733678,20.907856
445.133161,161.546072,24.036232,20.907856
443.981884,161.546072,23.733678,20.907856
445.133161,161.546072,24.036232,20.907856
443.981884,161.546072,23.733678,20.907856
445.133161,161.546072,24.036232,20.907856
443.981884,161.546072,23.733678,20.907856
445.133161,161.546072,24.036232,20.907856
443.981884,161.546072,23.733678,20.907856
445.133161,161.546072,24.036232,20.907856
443.981884,161.546072,23.733678,20.907856
445.133161,161.546072,24.036232,20.907856
443.981884,161.546072,23.733678,20.907856
445.133161,161.546072,24.036232,20.907856
443.981884,161.546072,23.733678,20.907856
445.133161,161.546072,24.036232,20.907856
443.981884,161.546072,23.733678,20.907856
445.133161,161.546072,24.036232,20.907856
443.981884,161.546072,23.733678,20.907856
445.133161,161.546072,24.036232,20.907856
443.981884,161.546072,23.733678,20.907856
444.133161,161.546072,23.201418,20.907856
445.399291,161.546072,23.399753,20.907856
444.300124,161.546072,23.067848,20.907856
444.466076,161.546072,23.346325,20.907856
444.326838,161.546072,23.046477,20.907856
445.476762,161.546072,23.337776,20.907856
444.331112,161.546072,23.043058,20.907856
445.478471,161.546072,23.336409,20.907856
445.331796,161.546072,23.877324,20.907856
444.061338,161.546072,23.670115,20.907856
445.164942,161.546072,24.010807,20.907856
443.994596,161.546072,23.723508,20.907856
445.138246,161.546072,24.032164,20.907856
443.983918,161.546072,23.732051,20.907856
445.133974,161.546072,24.035582,20.907856
443.982209,161.546072,23.733418,20.907856
445.133291,161.546072,24.036128,20.907856
443.981936,161.546072,23.733637,20.907856
445.133182,161.546072,24.036216,20.907856
443.981892,161.546072,23.733672,20.907856
445.133164,161.546072,24.036230,20.907856
443.981885,161.546072,23.733677,20.907856
445.133161,161.546072,24.036232,20.907856
443.981884,161.546072,23.733678,20.907856
445.133161,161.546072,24.036232,20.907856
443.981884,161.546072,23.733678,20.907856
445.133161,161.546072,24.036232,20.907856
443.981884,161.546072,23.733678,20.907856
445.133161,161.546072,24.036232,20.907856
443.981884,161.546072,23.733678,20.907856
445.133161,161.546072,24.036232,20.907856
443.981884,161.546072,23.733678,20.907856
445.133161,161.546072,24.036232,20.907856
443.981884,161.546072,23.733678,20.907856
445.133161,161.546072,24.036232,20.907856
443.981884,161.546072,23.733678,20.907856
445.133161,161.546072,24.036232,20.907856
443.981884,161.546072,23.733678,20.907856
445.133161,161.546072,24.036232,20.907856
443.981884,161.546072,23.733678,20.907856
445.133161,161.546072,24.036232,20.907856
443.981884,161.546072,23.733678,20.907856
445.133161,161.546072,24.036232,20.907856
443.981884,161.546072,23.733678,20.907856
445.133161,161.546072,24.036232,20.907856
443.981884,161.546072,23.733678,20.907856
445.133161,161.546072,24.036232,20.907856
443.981884,161.546072,23.733678,20.907856
444.133161,161.546072,23.201418,20.907856
445.399291,161.546072,23.399753,20.907856
444.300124,161.546072,23.067848,20.907856
444.466076,161.546072,23.346325,20.907856
444.326838,161.546072,23.881291,20.907856
445.059355,161.546072,24.531560,20.907856
443.734220,161.546072,24.355385,20.907856
444.822307,161.546072,24.721198,20.907856
443.639401,161.546072,24.431240,20.907856
444.784380,161.546072,24.751540,20.907856
443.624230,161.546072,24.443377,20.907856
444.778311,161.546072,24.756395,20.907856
443.621803,161.546072,24.445319,20.907856
444.777341,161.546072,24.757171,20.907856
443.621414,161.546072,24.445630,20.907856
444.777185,161.546072,24.757296,20.907856
443.621352,161.546072,24.445679,20.907856
444.777160,161.546072,24.757316,20.907856
443.621342,161.546072,24.445687,20.907856
444.777156,161.546072,24.757319,20.907856
443.621341,161.546072,24.445689,20.907856
444.777156,161.546072,24.757319,20.907856
443.621340,161.546072,24.445689,20.907856
444.777156,161.546072,24.757319,20.907856
443.621340,161.546072,24.445689,20.907856
444.777156,161.546072,24.757319,20.907856
443.621340,161.546072,24.445689,20.907856
444.777156,161.546072,24.757319,20.907856
443.621340,161.546072,24.445689,20.907856
444.777156,161.546072,24.757319,20.907856
443.621340,161.546072,24.445689,20.907856
444.777156,161.546072,24.757319,20.907856
443.621340,161.546072,24.445689,20.907856
444.777156,161.546072,24.757319,20.907856
443.621340,161.546072,24.445689,20.907856
443.777156,161.546072,23.897461,20.907856
445.051269,161.546072,24.101745,20.907856
443.949127,161.546072,23.759884,20.907856
445.120058,161.546072,24.046715,20.907856
443.976643,161.546072,23.737871,20.907856
445.131064,161.546072,24.037910,20.907856
443.981045,161.546072,23.734349,20.907856
445.132825,161.546072,24.036501,20.907856
443.981750,161.546072,23.733786,20.907856
445.133107,161.546072,24.036275,20.907856
443.981862,161.546072,23.733696,20.907856
445.133152,161.546072,24.036239,20.907856
443.981880,161.546072,23.733681,20.907856
445.133159,161.546072,24.036234,20.907856
443.981883,161.546072,23.733679,20.907856
445.133161,161.546072,24.036233,20.907856
443.981884,161.546072,23.733679,20.907856
444.133161,161.546072,23.201418,20.907856
445.399291,161.546072,23.399753,20.907856
444.300124,161.546072,23.067848,20.907856
445.466076,161.546072,23.346325,20.907856
444.326838,161.546072,23.881291,20.907856
445.059355,161.546072,24.531560,20.907856
443.734220,161.546072,24.355385,20.907856
444.822307,161.546072,24.721198,20.907856
443.639401,161.546072,24.431240,20.907856
444.784380,161.546072,24.751540,20.907856
443.624230,161.546072,24.443377,20.907856
444.778311,161.546072,24.756395,20.907856
443.621803,161.546072,24.445319,20.907856
444.777341,161.546072,24.757171,20.907856
443.621414,161.546072,24.445630,20.907856
444.777185,161.546072,24.757296,20.907856
443.621352,161.546072,24.445679,20.907856
444.777160,161.546072,24.757316,20.907856
443.621342,161.546072,24.445687,20.907856
444.777156,161.546072,24.757319,20.907856
443.621341,161.546072,24.445689,20.907856
444.777156,161.546072,24.757319,20.907856
443.621340,161.546072,24.445689,20.907856
444.777156,161.546072,24.757319,20.907856
443.621340,161.546072,24.445689,20.907856
444.777156,161.546072,24.757319,20.907856
443.621340,161.546072,24.445689,20.907856
444.777156,161.546072,24.757319,20.907856
443.621340,161.546072,24.445689,20.907856
444.777156,161.546072,24.757319,20.907856
443.621340,161.546072,24.445689,20.907856
444.777156,161.546072,24.757319,20.907856
443.621340,161.546072,24.445689,20.907856
444.777156,161.546072,24.757319,20.907856
443.621340,161.546072,24.445689,20.907856
444.777156,161.546072,24.757319,20.907856
443.621340,161.546072,24.445689,20.907856
444.777156,161.546072,24.757319,20.907856
443.621340,161.546072,24.445689,20.907856
444.777156,161.546072,24.757319,20.907856
443.621340,161.546072,24.445689,20.907856
444.777156,161.546072,24.757319,20.907856
443.621340,161.546072,24.445689,20.907856
443.777156,161.546072,23.897461,20.907856
445.051269,161.546072,24.101745,20.907856
443.949127,161.546072,23.759884,20.907856
445.120058,161.546072,24.046715,20.907856
443.976643,161.546072,23.737871,20.907856
445.131064,161.546072,24.037910,20.907856
443.981045,161.546072,23.734349,20.907856
444.132825,161.546072,23.201687,20.907856
445.399157,161.546072,23.399860,20.907856
445.300070,161.546072,23.902705,20.907856
444.048647,161.546072,23.680268,20.907856
444.159866,161.546072,23.180054,20.907856
445.409973,161.546072,23.391207,20.907856
445.304396,161.546072,23.899244,20.907856
444.050378,161.546072,23.678883,20.907856
445.160558,161.546072,24.014314,20.907856
443.992843,161.546072,23.724911,20.907856
444.137544,161.546072,23.197912,20.907856
445.401044,161.546072,23.398350,20.907856
444.300825,161.546072,23.067287,20.907856
445.466356,161.546072,23.346100,20.907856
444.326950,161.546072,23.881201,20.907856
445.059399,161.546072,24.531524,20.907856
443.734238,161.546072,24.355371,20.907856
443.822315,161.546072,23.861334,20.907856
445.069333,161.546072,24.087295,20.907856
443.956353,161.546072,23.754103,20.907856
444.122948,161.546072,23.209588,20.907856
445.395206,161.546072,23.403021,20.907856
444.298490,161.546072,23.069155,20.907856
444.465422,161.546072,23.346848,20.907856
444.326576,161.546072,23.881500,20.907856
445.059250,161.546072,24.531644,20.907856
443.734178,161.546072,24.355419,20.907856
444.822291,161.546072,24.721211,20.907856
443.639394,161.546072,24.431246,20.907856
444.784377,161.546072,24.751542,20.907856
443.624229,161.546072,24.443378,20.907856
444.778311,161.546072,24.756395,20.907856
443.621802,161.546072,24.445319,20.907856
444.777340,161.546072,24.757172,20.907856
443.621414,161.546072,24.445630,20.907856
444.777185,161.546072,24.757296,20.907856
443.621352,161.546072,24.445679,20.907856
444.777160,161.546072,24.757316,20.907856
443.621342,161.546072,24.445687,20.907856
444.777156,161.546072,24.757319,20.907856
443.621341,161.546072,24.445689,20.907856
444.777156,161.546072,24.757319,20.907856
443.621340,161.546072,24.445689,20.907856
444.777156,161.546072,24.757319,20.907856
443.621340,161.546072,24.445689,20.907856
444.777156,161.546072,24.757319,20.907856
443.621340,161.546072,24.445689,20.907856
444.777156,161.546072,24.757319,20.907856
443.621340,161.546072,24.445689,20.907856
443.777156,161.546072,23.897461,20.907856
444.051269,161.546072,23.266931,20.907856
444.366534,161.546072,23.425958,20.907856
445.287021,161.546072,23.913144,20.907856
444.043428,161.546072,23.684443,20.907856
444.157778,161.546072,23.181724,20.907856
445.409138,161.546072,23.391875,20.907856
444.304062,161.546072,23.899511,20.907856
445.050244,161.546072,24.538848,20.907856
443.730576,161.546072,24.358300,20.907856
444.820850,161.546072,24.722364,20.907856
443.638818,161.546072,24.431707,20.907856
443.784147,161.546072,23.891868,20.907856
445.054066,161.546072,24.099508,20.907856
443.950246,161.546072,23.758989,20.907856
444.120506,161.546072,23.211543,20.907856
444.394229,161.546072,23.403803,20.907856
445.298099,161.546072,23.904282,20.907856
444.047859,161.546072,24.540757,20.907856
443.729622,161.546072,24.359064,20.907856
443.820468,161.546072,23.862811,20.907856
444.068595,161.546072,24.087885,20.907856
443.956057,161.546072,23.754340,20.907856
444.122830,161.546072,23.209683,20.907856
444.395159,161.546072,22.592560,20.907856
445.703720,161.546072,22.744971,20.907856
445.627515,161.546072,23.217174,20.907856
444.391413,161.546072,22.994817,20.907856
444.502592,161.546072,23.317112,20.907856
444.341444,161.546072,23.034792,20.907856
444.482604,161.546072,23.333102,20.907856
444.333449,161.546072,23.876002,20.907856
444.061999,161.546072,23.669586,20.907856
444.165207,161.546072,24.010596,20.907856
444.994702,161.546072,24.583282,20.907856
443.708359,161.546072,24.376074,20.907856
443.811963,161.546072,23.869615,20.907856
444.065192,161.546072,23.255793,20.907856
444.372103,161.546072,23.421503,20.907856
444.289249,161.546072,23.911362,20.907856
444.044319,161.546072,23.683730,20.907856
444.158135,161.546072,23.181439,20.907856
444.409280,161.546072,23.391761,20.907856
444.304119,161.546072,23.064652,20.907856
444.467674,161.546072,23.345046,20.907856
444.327477,161.546072,23.880779,20.907856
444.059610,161.546072,23.671497,20.907856
444.164251,161.546072,24.011360,20.907856
443.994320,161.546072,23.723729,20.907856
444.138135,161.546072,23.197439,20.907856
444.401281,161.546072,23.398161,20.907856
444.300919,161.546072,23.902025,20.907856
444.048987,161.546072,23.679996,20.907856
444.160002,161.546072,23.179945,20.907856
444.410027,161.546072,23.391164,20.907856
444.304418,161.546072,23.899226,20.907856
444.050387,161.546072,23.678876,20.907856
444.160562,161.546072,23.179498,20.907856
444.410251,161.546072,23.390984,20.907856
444.304508,161.546072,23.899155,20.907856
444.050423,161.546072,23.678847,20.907856
444.160576,161.546072,24.014300,20.907856
443.992850,161.546072,23.724905,20.907856
444.137547,161.546072,23.197909,20.907856
444.401045,161.546072,23.398349,20.907856
444.300825,161.546072,23.902101,20.907856
444.048950,161.546072,23.680026,20.907856
444.159987,161.546072,23.179957,20.907856
444.410021,161.546072,23.391168,20.907856
444.304416,161.546072,23.899228,20.907856
444.050386,161.546072,23.678877,20.907856
444.160562,161.546072,24.014312,20.907856
443.992844,161.546072,23.724910,20.907856
444.137545,161.546072,23.197911,20.907856
444.401044,161.546072,22.587851,20.907856
444.706075,161.546072,22.743087,20.907856
444.628456,161.546072,23.216420,20.907856
444.391790,161.546072,23.829329,20.907856
444.085335,161.546072,23.650917,20.907856
444.174541,161.546072,23.168314,20.907856
444.415843,161.546072,23.386511,20.907856
444.306744,161.546072,23.897365,20.907856
444.051317,161.546072,23.678132,20.907856
444.160934,161.546072,23.179200,20.907856
444.410400,161.546072,23.390865,20.907856
444.304567,161.546072,23.064293,20.907856
444.467853,161.546072,23.344903,20.907856
444.327549,161.546072,23.880722,20.907856
444.059639,161.546072,23.671474,20.907856
444.164263,161.546072,24.011351,20.907856
443.994325,161.546072,23.723726,20.907856
444.138137,161.546072,23.197437,20.907856
444.401281,161.546072,23.398160,20.907856
444.300920,161.546072,23.067211,20.907856
444.466394,161.546072,23.346070,20.907856
444.326965,161.546072,23.046375,20.907856
444.476812,161.546072,23.337736,20.907856
444.331132,161.546072,23.877855,20.907856
444.061072,161.546072,23.670328,20.907856
444.164836,161.546072,24.010892,20.907856
443.994554,161.546072,23.723542,20.907856
444.138229,161.546072,23.197364,20.907856
444.401318,161.546072,23.398131,20.907856
444.300934,161.546072,23.902013,20.907856
444.048993,161.546072,23.679991,20.907856
444.160005,161.546072,23.179943,20.907856
444.410028,161.546072,23.391163,20.907856
444.304419,161.546072,23.899226,20.907856
444.050387,161.546072,23.678876,20.907856
444.160562,161.546072,23.179497,20.907856
444.410251,161.546072,23.390984,20.907856
444.304508,161.546072,23.899155,20.907856
444.050423,161.546072,23.678847,20.907856
444.160576,161.546072,23.179486,20.907856
444.410257,161.546072,23.390980,20.907856
444.304510,161.546072,23.899153,20.907856
444.050423,161.546072,23.678847,20.907856
444.160577,161.546072,23.179486,20.907856
444.410257,161.546072,22.580481,20.907856
444.709760,161.546072,22.740139,20.907856
444.629930,161.546072,23.215241,20.907856
444.392379,160.546072,23.828858,20.907856
444.085571,160.546072,24.510587,20.907856
443.744707,160.546072,25.232650,20.907856
443.383675,160.546072,25.984328,20.907856
443.007836,160.546072,25.822146,20.907856
443.088927,160.546072,26.220126,20.907856
442.889937,161.546072,25.916466,20.907856
443.041767,160.546072,25.345630,20.907856
443.327185,161.546072,24.681013,20.907856
443.659493,161.546072,23.991591,20.907856
444.004205,161.546072,23.304583,20.907856
444.347708,161.546072,23.441019,20.907856
444.279491,161.546072,23.919169,20.907856
444.040416,161.546072,23.686853,20.907856
444.156574,161.546072,23.182688,20.907856
444.408656,161.546072,23.392261,20.907856
444.303870,161.546072,23.899665,20.907856
444.050167,161.546072,24.538910,20.907856
443.730545,161.546072,24.358325,20.907856
443.820837,161.546072,23.862516,20.907856
444.068742,161.546072,23.252953,20.907856
444.373523,161.546072,23.420367,20.907856
444.289817,161.546072,23.910908,20.907856
444.044546,161.546072,23.683549,20.907856
444.158226,161.546072,23.181367,20.907856
444.409317,161.546072,23.391732,20.907856
444.304134,161.546072,23.899454,20.907856
444.050273,161.546072,23.678967,20.907856
444.160516,161.546072,24.014348,20.907856
443.992826,161.546072,23.724925,20.907856
444.137538,161.546072,23.197917,20.907856
444.401042,161.546072,23.398352,20.907856
444.300824,161.546072,23.067288,20.907856
444.466356,161.546072,23.346101,20.907856
444.326950,161.546072,23.046387,20.907856
444.476806,161.546072,23.337740,20.907856
444.331130,161.546072,23.877857,20.907856
444.061071,161.546072,23.670328,20.907856
444.164836,161.546072,24.010892,20.907856
443.994554,161.546072,23.723542,20.907856
444.138229,161.546072,23.197364,20.907856
444.401318,161.546072,23.398131,20.907856
444.300934,161.546072,23.902013,20.907856
444.048993,161.546072,23.679991,20.907856
444.160005,161.546072,23.179943,20.907856
444.410028,161.546072,23.391163,20.907856
444.304419,161.546072,23.064412,20.907856
444.467794,161.546072,23.344950,20.907856
444.327525,161.546072,23.880741,20.907856
444.059629,161.546072,23.671482,20.907856
444.164259,161.546072,23.176540,20.907856
444.411730,161.546072,23.389801,20.907856
444.305099,161.546072,23.898682,20.907856
444.050659,161.546072,23.678658,20.907856
444.160671,161.546072,23.179410,20.907856
444.410295,161.546072,23.390950,20.907856
444.304525,161.546072,23.064327,20.907856
444.467837,161.546072,23.344916,20.907856
444.327542,161.546072,23.880728,20.907856
444.059636,161.546072,23.671476,20.907856
444.164262,161.546072,24.011352,20.907856
443.994324,161.546072,23.723726,20.907856
444.138137,161.546072,24.032252,20.907856
443.983874,161.546072,23.732086,20.907856
444.133957,161.546072,24.035595,20.907856
443.982202,161.546072,23.733424,20.907856
444.133288,161.546072,23.201317,20.907856
444.399342,161.546072,23.399712,20.907856
444.300144,161.546072,23.067832,20.907856
444.466084,161.546072,23.346318,20.907856
444.326841,161.546072,23.881288,20.907856
444.059356,161.546072,23.671701,20.907856
444.164150,161.546072,24.011441,20.907856
443.994279,161.546072,23.723762,20.907856
444.138119,161.546072,23.197452,20.907856
444.401274,161.546072,23.398166,20.907856
444.300917,161.546072,23.902028,20.907856
444.048986,161.546072,23.679996,20.907856
444.160002,161.546072,24.014760,20.907856
443.992620,161.546072,23.725089,20.907856
444.137455,161.546072,24.032797,20.907856
443.983602,161.546072,23.732304,20.907856
444.133848,161.546072,24.035683,20.907856
443.982159,161.546072,23.733459,20.907856
444.133271,161.546072,24.036144,20.907856
443.981928,161.546072,23.733643,20.907856
444.133178,161.546072,23.201404,20.907856
444.399298,161.546072,23.399747,20.907856
444.300126,161.546072,23.902660,20.907856
444.048670,161.546072,23.680249,20.907856
444.159875,161.546072,23.180047,20.907856
444.409977,161.546072,23.391204,20.907856
444.304398,161.546072,23.899243,20.907856
444.050379,161.546072,23.678883,20.907856
444.160559,161.546072,23.179500,20.907856
444.410250,161.546072,23.390986,20.907856
444.304507,161.546072,23.899155,20.907856
444.050422,161.546072,23.678848,20.907856
444.160576,161.546072,23.179486,20.907856
444.410257,161.546072,23.390980,20.907856
444.304510,161.546072,23.899153,20.907856
444.050423,161.546072,23.678847,20.907856
444.160577,161.546072,23.179486,20.907856
444.410257,161.546072,23.390980,20.907856
444.304510,161.546072,23.899153,20.907856
444.050424,161.546072,23.678847,20.907856
444.160577,161.546072,24.014300,20.907856
443.992850,161.546072,24.584764,20.907856
443.707618,161.546072,24.376667,20.907856
443.811667,161.546072,23.869852,20.907856
444.065074,161.546072,24.090702,20.907856
443.954649,161.546072,23.755466,20.907856
444.122267,161.546072,24.044948,20.907856
443.977526,161.546072,23.737164,20.907856
444.131418,161.546072,24.037627,20.907856
443.981187,161.546072,23.734236,20.907856
444.132882,161.546072,24.036456,20.907856
443.981772,161.546072,23.733768,20.907856
444.133116,161.546072,24.036268,20.907856
443.981866,161.546072,23.733693,20.907856
444.133154,161.546072,23.201424,20.907856
444.399288,161.546072,23.399755,20.907856
444.300122,161.546072,23.902663,20.907856
444.048668,161.546072,23.680251,20.907856
444.159875,161.546072,23.180047,20.907856
444.409976,161.546072,23.391204,20.907856
444.304398,161.546072,23.899243,20.907856
444.050379,161.546072,23.678883,20.907856
444.160559,161.546072,23.179500,20.907856
444.410250,161.546072,23.390986,20.907856
444.304507,161.546072,23.064341,20.907856
444.467829,161.546072,23.344922,20.907856
444.327539,161.546072,23.880730,20.907856
444.059635,161.546072,23.671477,20.907856
444.164261,161.546072,24.011352,20.907856
443.994324,161.546072,23.723726,20.907856
444.138137,161.546072,23.197438,20.907856
444.401281,161.546072,23.398161,20.907856
444.300920,161.546072,23.902025,20.907856
444.048987,161.546072,23.679996,20.907856
444.160002,161.546072,23.179945,20.907856
444.410027,161.546072,23.391164,20.907856
