41.040660,359.237200,63.000000,26.000000
43.500000,359.000000,52.701000,37.901000
54.649500,354.049500,49.406430,41.860400
58.296785,353.069800,48.938383,42.666490
59.530809,351.666755,49.626438,42.233907
62.186781,350.883047,50.803193,41.327845
62.598403,350.336077,52.202474,40.253742
65.898763,350.873129,53.718622,39.133151
67.140689,351.433424,55.310210,38.014090
67.344895,351.992955,56.961528,36.915179
68.519236,352.542410,58.667179,35.843298
72.666411,354.078351,60.425916,34.800646
71.787042,354.599677,62.238182,34.383585
73.880909,354.808207,64.105123,34.216761
76.947439,355.891620,63.709865,34.150031
79.145068,355.924984,63.551762,34.123339
81.224119,355.938330,62.379749,34.112662
83.810126,355.943669,60.834467,34.108392
89.582767,355.945804,61.292831,34.720583
91.353584,356.639708,62.584948,34.965460
92.707526,356.517270,64.243829,34.449511
96.878085,356.775245,63.765347,34.243131
98.117326,356.878434,62.465183,34.160579
100.767408,356.919710,63.053889,34.127558
104.473055,356.936221,62.180600,34.728250
106.909700,357.635875,60.754807,34.354627
109.622596,357.822687,61.260967,34.205177
113.369516,357.897411,62.572203,34.145398
114.713899,357.927301,61.987925,34.121486
116.006037,357.939257,60.677737,34.111921
120.661131,358.944039,59.108539,34.108095
123.445730,358.945952,59.525983,34.106565
125.237009,358.946718,60.769438,34.105953
126.615281,358.947024,62.375591,34.105708
130.812205,358.947146,64.160086,34.105610
130.919957,358.947195,66.050180,34.105571
131.974910,358.947215,65.629922,34.105555
135.185039,358.947222,64.319785,34.105549
138.840108,358.947226,63.795730,34.719446
140.102135,359.640277,62.477336,34.965005
141.761332,359.517498,60.873502,35.063229
146.563249,359.468386,61.308445,35.734835
148.345777,359.132583,62.591194,35.371160
149.704403,359.314420,63.104293,35.225691
154.447853,359.387155,62.200762,34.553603
156.899619,359.723198,60.762872,34.284768
159.618564,359.857616,61.264193,34.791134
161.367903,360.604433,60.388245,34.379780
165.805878,360.810110,61.114342,34.215239
167.442829,360.892381,61.404781,34.149422
169.297609,360.925289,62.629728,34.123096
168.685136,360.938452,63.119707,34.726465
170.440147,360.636768,62.206927,34.353913
174.896536,360.823044,60.765338,34.204892
177.617331,360.897554,59.143579,34.145283
179.428210,360.927358,57.480193,34.121440
182.259904,360.939280,57.829521,34.111903
184.085239,360.944049,59.014376,34.108088
187.492812,360.945956,58.443194,34.106562
189.778403,360.946719,57.200039,34.105952
192.399981,361.947024,56.702777,34.105707
196.648612,361.947146,57.518555,34.105610
199.240723,361.947195,58.889989,34.105571
200.555005,361.947215,60.515040,34.105555
204.742480,361.947222,61.165060,34.719449
205.417470,362.640276,60.348591,34.351106
207.825704,362.824447,58.976881,34.203769
209.511560,362.898115,57.413513,34.144834
212.293243,362.927583,55.803038,34.121261
215.098481,362.939370,56.143976,34.111831
218.928012,362.944085,57.295034,34.108059
220.352483,362.945970,58.800581,34.106550
219.599709,362.946725,60.479277,34.105947
223.760362,362.947027,60.074278,34.105706
225.962861,362.947147,58.867155,34.105609
228.566422,362.947196,57.369623,34.105570
233.315188,362.947215,55.785482,34.105555
236.107259,362.947223,56.136954,34.105549
236.931523,362.947226,55.292414,34.105546
239.353793,362.947227,55.939727,34.105545
243.030137,362.947227,57.213335,34.105545
245.393333,363.947228,58.767901,34.105545
245.616049,363.947228,60.466205,34.105545
249.766898,364.947228,61.145526,34.105545
252.427237,364.947228,60.340778,34.105545
256.829611,364.947228,58.973755,34.105545
260.513122,364.947228,59.472069,34.105545
261.263965,364.947228,60.747872,34.105545
262.626064,364.947228,62.366965,34.719444
266.816518,364.640278,61.905830,34.351105
268.047085,364.824448,62.830148,34.203769
267.584926,364.898116,64.341909,34.144834
271.829045,364.927583,63.804579,34.735160
275.097710,364.632420,62.480876,34.971291
275.759562,364.514355,60.874918,34.451843
281.562541,364.774078,59.187411,34.244064
285.406294,364.877968,58.512408,34.774852
286.743796,365.612574,58.242407,34.987167
290.878796,365.506416,57.119724,34.458194
294.440138,365.770903,57.685334,34.246604
298.157333,365.876698,56.896895,34.161968
300.551553,365.919016,57.596202,34.128114
301.201899,365.935943,57.875925,34.114572
305.062038,365.942714,59.032937,34.109156
306.483531,365.945422,58.450619,34.106989
308.774691,365.946505,57.203009,34.106122
313.398496,365.946939,56.703965,34.719676
315.648018,366.640162,56.504347,34.965097
319.747826,366.517452,57.439183,34.449365
322.280409,366.775317,58.858240,34.243073
320.570880,366.878464,59.425864,34.774456
325.287068,367.612772,60.729390,34.987009
326.635305,367.506496,62.359572,34.458130
322.820214,366.770935,63.011644,34.246579
307.494178,365.876711,62.163702,34.161958
303.918149,364.919021,60.748048,34.742010
309.625976,364.628995,59.136663,34.974031
313.431668,363.512985,59.537233,34.452939
319.231384,362.773531,59.697460,34.244502
318.151270,362.877749,59.761551,34.775027
320.119224,362.612486,58.742065,34.987238
320.628968,362.506381,57.319587,34.458222
317.340206,361.770889,56.750596,34.860515
301.624702,361.569742,57.537682,34.407533
288.231159,360.796234,58.897640,34.226340
259.551180,363.886830,58.897640,34.226340
252.551180,370.886830,60.518100,34.153863
267.740950,372.923069,60.089808,34.124872
288.955096,371.937564,60.994967,34.113275
292.502516,370.943362,60.280554,34.108637
296.859723,369.945682,60.280554,34.108637
297.859723,372.945682,60.280554,34.108637
300.859723,383.945682,60.280554,34.108637
304.859723,390.945682,60.280554,34.108637
300.859723,397.945682,60.280554,34.108637
298.859723,395.945682,60.280554,34.108637
300.859723,394.945682,60.280554,34.108637
298.859723,396.945682,60.280554,34.108637
294.859723,397.945682,60.280554,34.108637
300.859723,394.945682,60.280554,34.108637
296.859723,387.945682,60.280554,34.108637
296.859723,388.945682,60.280554,34.108637
299.859723,388.945682,58.949666,34.106782
300.525167,387.946609,58.949666,34.106782
297.525167,378.946609,58.417310,34.719939
294.791345,384.640030,58.204368,35.597519
298.897816,394.201240,57.104508,35.316234
302.447746,399.341883,55.679436,35.836037
306.160282,398.081981,55.109406,36.695244
306.445297,395.652378,55.109406,36.695244
295.445297,386.652378,55.109406,36.695244
291.445297,387.652378,54.881395,37.709752
272.559303,381.145124,53.833754,37.444731
273.083123,391.277635,52.486119,38.009547
270.756940,390.995227,51.045533,38.926423
273.477233,391.536789,49.594024,40.004851
264.202988,394.997574,49.013421,41.169251
258.493290,394.415374,48.781179,41.635011
248.609410,394.182494,49.563557,41.088287
239.218222,392.455857,49.001234,40.869597
237.499383,392.565201,47.926523,40.070443
237.036738,393.964779,48.346420,39.059832
244.826790,395.470084,47.664598,39.346537
236.167701,396.326732,48.241650,38.770269
230.879175,401.614865,48.472471,39.230712
234.763765,404.384644,47.715018,40.126567
224.142491,401.936716,47.412037,41.217938
201.293981,402.391031,48.140626,40.921457
170.929687,366.539271,49.307336,40.091187
170.346332,365.954406,50.675552,39.068129
174.662224,365.465935,52.151417,37.988081
176.924291,365.005959,53.698199,36.904776
178.150900,365.547612,55.302041,35.839137
181.348980,366.080432,54.958449,34.798982
183.520776,366.600509,53.864576,34.382919
188.067712,365.808540,53.427027,34.830394
190.286487,365.584803,53.252007,35.009384
194.373997,365.495308,53.181999,34.467080
197.409000,364.766460,54.110432,34.250159
197.944784,364.874921,55.466934,34.163390
198.266533,364.918305,56.009535,34.742583
198.995233,364.628709,55.241446,34.360360
201.379277,363.819820,53.977775,34.821370
205.011113,363.589315,52.543728,34.391875
207.728136,363.804063,52.898687,34.833977
211.550656,363.583012,52.112093,34.396917
213.943954,363.801541,52.726033,34.835994
213.636983,363.582003,52.971610,35.643941
217.514195,363.178030,52.141262,35.334803
219.929369,363.332599,50.907590,35.211148
222.546205,363.394426,50.414121,34.547786
226.792939,363.726107,49.341459,34.282441
229.329270,363.858779,48.062614,34.176303
232.968693,363.911848,48.400856,34.133848
234.799572,363.933076,48.536153,34.116866
235.731923,363.941567,48.590272,34.110073
238.704864,362.944963,48.611920,34.107356
240.694040,362.946322,48.620579,34.106269
241.689711,362.946865,49.499317,34.105834
244.250342,362.947083,50.752344,34.105661
244.623828,362.947170,52.182134,34.105591
244.908933,362.947205,52.754050,34.105563
247.622975,362.947218,52.054238,34.105552
249.972881,362.947224,51.774313,34.719447
252.112844,362.640276,51.662343,35.597322
253.168829,362.201339,51.617555,35.948472
257.191223,362.025764,51.599640,36.088932
259.200180,361.955534,52.521052,35.512799
259.739474,361.243600,52.889617,35.282346
261.555191,361.358827,53.993479,34.576265
265.003260,361.711867,54.435024,34.293833
267.782488,361.853084,53.655206,34.180860
271.172397,361.909570,52.414700,34.135671
273.792650,360.932165,52.847076,34.117595
273.576462,360.941202,53.976463,34.724265
277.011769,360.637868,54.428217,34.966932
277.785891,360.516534,53.652483,35.696316
279.173758,360.151842,52.413611,35.355753
282.793194,360.322123,52.846641,34.605628
285.576680,360.697186,53.019853,34.305578
287.490074,360.847211,54.045573,34.185558
289.977213,360.907221,53.499426,34.137550
291.250287,360.931225,54.237402,34.118347
293.881299,360.940827,53.576157,34.110665
296.211921,360.944667,52.383081,34.107593
299.808460,359.946204,52.834429,34.106364
301.582786,358.946818,53.971404,34.105872
301.014298,358.947064,53.469758,34.105676
304.265121,358.947162,52.340521,34.105597
306.829740,358.947201,50.987294,34.105566
309.506353,358.947217,51.347535,34.105553
313.326232,358.947224,50.590099,34.105548
315.704950,358.947226,51.188658,34.105546
315.405671,358.947227,52.356659,34.105545
318.821670,358.947227,52.823860,34.105545
320.588070,358.947228,52.082162,34.105545
321.958919,357.947228,51.785483,34.105545
326.107259,356.947228,52.595389,34.105545
326.702305,356.947228,53.875788,34.105545
328.062106,356.947228,55.373076,34.105545
330.313462,356.947228,56.986675,34.105545
329.506663,355.947228,56.617431,34.105545
332.691285,355.947228,55.484605,34.105545
336.257698,355.947228,55.031474,34.719444
337.484263,355.640278,53.893786,34.351105
341.053107,354.824448,53.438711,34.817668
344.280645,354.591166,52.328102,34.390394
346.835949,354.804803,50.982326,34.219484
348.508837,354.890258,49.568741,34.151121
352.215629,354.924440,49.878582,34.123775
354.060709,354.938113,50.904050,34.112837
354.547975,354.943582,52.242817,34.108461
354.878592,354.945769,51.849744,34.106711
359.075128,354.946644,52.621094,34.106011
360.689453,354.946994,52.929634,34.719631
363.535183,354.640184,53.053050,34.965079
364.473475,353.517461,52.173838,35.063258
366.913081,353.468371,50.920620,34.488630
370.539690,352.755685,50.419333,34.872679
372.790333,352.563661,50.218819,35.658615
374.890591,352.170693,49.263338,35.972989
377.368331,352.013505,49.756421,35.466422
378.121790,352.266789,50.855186,34.649896
381.572407,351.675052,50.393160,34.937185
382.803420,351.531408,49.333075,34.438201
385.333463,351.780900,48.059260,34.852507
388.970370,351.573747,46.724704,34.404329
391.637648,351.797835,45.389882,34.225059
394.305059,351.887471,45.656953,34.153350
397.171524,351.923325,46.588811,34.124667
396.705594,351.937667,46.961554,34.727093
399.519223,351.636453,47.960433,34.968064
400.019784,350.515968,47.510203,34.450552
401.244898,349.774724,47.330111,34.243548
405.334944,349.878226,47.258074,34.774646
407.370963,349.612677,48.079041,34.373185
407.960480,348.813407,49.282702,34.212601
411.358649,348.893700,48.888892,34.148367
413.555554,348.925816,48.731368,34.122674
415.634316,348.938663,48.668358,34.112396
419.665821,348.943802,49.518428,34.108285
420.240786,348.945857,50.759989,34.106641
419.620005,348.946680,52.185192,34.105983
419.907404,348.947008,53.711709,34.105720
423.144146,348.947140,54.322316,34.105615
420.838842,348.947193,53.610123,34.105573
421.194939,348.947214,52.396667,34.105556
423.801667,348.947222,51.911285,34.105549
427.044358,348.947225,50.815599,34.105546
429.592200,348.947227,49.502051,34.719445
431.248975,348.640277,48.976631,35.597321
432.511684,348.201339,47.916682,35.316155
432.041659,348.341922,47.492703,34.589789
425.253649,348.705106,48.172892,34.299242
413.913554,348.850379,48.444968,34.183024
410.777516,348.908488,49.429072,34.136536
388.285464,348.931732,50.724247,34.117941
369.637877,348.941029,50.724247,34.117941
354.637877,349.941029,50.724247,34.117941
356.637877,359.941029,51.242316,34.724403
359.378842,369.637798,51.449544,35.599305
346.275228,368.200348,50.630903,36.600551
355.684549,376.699724,49.428172,37.671875
354.285914,379.164062,48.097299,38.791354
358.951351,379.604323,48.097299,38.791354
358.951351,391.604323,48.097299,38.791354
348.951351,393.604323,48.097299,38.791354
352.951351,401.604323,48.097299,38.791354
332.951351,408.604323,48.097299,38.791354
322.951351,407.604323,48.097299,38.791354
319.951351,405.604323,48.097299,38.791354
318.951351,404.604323,48.097299,38.791354
313.951351,396.604323,48.097299,38.791354
304.951351,395.604323,48.097299,38.791354
300.951351,395.604323,48.097299,38.791354
293.951351,398.604323,48.097299,38.791354
288.951351,399.604323,48.414730,39.239146
286.792635,398.380427,49.416977,38.727313
268.291511,398.636344,49.416977,38.727313
246.291511,399.636344,48.942602,38.522580
242.528699,399.738710,47.903071,39.131636
243.048465,399.434182,47.487258,40.086937
247.256371,397.956532,46.495903,41.202085
244.752048,396.398957,45.298361,41.648145
253.350819,399.175928,44.041675,42.581588
251.979163,398.709206,42.783981,42.199946
251.608010,398.900027,43.035922,41.314261
247.482039,399.342870,42.381680,41.693015
258.809160,400.153492,41.386954,42.599536
257.306523,399.700232,40.989064,43.739814
255.505468,397.130093,40.118230,44.996926
252.940885,395.501537,39.078946,46.324800
256.460527,392.837600,38.663233,46.855950
255.668383,392.572025,37.826123,47.068410
258.086939,392.465795,38.162104,46.328364
258.918948,391.835818,38.296496,46.857376
259.851752,392.571312,39.041203,46.243950
261.479399,391.878025,38.648136,45.998580
256.675932,392.000710,38.490909,46.725462
253.754546,391.637269,38.428018,47.865996
248.785991,391.067002,37.732037,48.322209
247.133982,390.838895,38.124469,47.654914
239.937765,390.172543,38.281442,48.237776
237.859279,389.881112,37.673407,48.470921
235.163297,389.764539,37.430192,48.564179
233.284904,389.717910,36.681620,49.476757
235.659190,389.261621,36.382191,50.743321
232.808904,388.628340,36.262420,52.178525
246.868790,388.910738,35.582195,53.709042
248.208903,389.145479,35.942421,54.321249
247.028789,388.839375,36.737798,53.609696
247.631101,389.195152,37.055949,54.281511
244.472026,389.859245,37.854034,53.593801
246.072983,389.203100,38.864218,52.390138
245.567891,388.804931,38.577342,52.837252
246.711329,389.581374,38.462591,53.972533
249.768704,390.013734,38.416691,53.470209
247.791654,402.264895,37.727506,54.225716
245.136247,400.887142,36.800546,55.513048
247.599727,400.243476,35.797445,56.027980
246.101278,396.986010,35.396205,57.248636
249.301898,391.375682,34.621809,58.782022
252.689096,377.608989,34.312050,60.471853
251.843975,376.764073,34.188147,60.071309
249.905927,371.964346,34.138585,60.987568
250.930707,376.506216,34.118761,62.462843
249.940620,377.768579,34.110831,64.194987
248.944584,380.902506,34.721559,63.745811
250.639220,385.127095,34.351950,63.566140
248.824025,386.216930,34.204107,64.636306
248.897947,387.681847,34.144970,66.240668
249.927515,394.879666,34.121315,66.882413
245.939343,404.558794,34.111853,67.139111
239.944074,383.430445,34.108068,68.453374
241.945966,343.773313,34.720454,67.767495
243.639773,335.116252,35.597725,66.316848
246.201138,333.841576,36.599920,64.594555
245.700040,332.702722,37.671622,62.796866
247.164189,333.601567,38.791253,61.001314
247.604373,333.499343,39.950784,59.237970
250.024608,334.381015,41.147624,57.517949
252.426188,334.241026,42.381380,55.844812
253.809310,335.077594,43.652552,54.219121
257.173724,335.890439,44.161021,53.568845
259.919490,336.215578,45.165408,52.380156
262.417296,336.809922,44.766163,51.904680
263.616918,338.047660,45.407465,51.714490
264.296267,338.142755,46.489016,51.638414
267.755492,338.180793,47.771417,50.706451
267.114291,338.646775,49.159652,49.458391
268.420174,339.270804,50.616479,48.109386
271.691761,339.945307,51.199209,47.569785
273.400395,340.215108,50.530769,48.203725
274.734616,339.898138,49.388118,49.332575
278.305941,340.333712,48.081277,49.784115
280.959361,340.107942,48.408322,49.964731
283.795839,340.017634,48.539140,49.161703
284.730430,339.419148,48.591467,49.715767
287.704267,339.142117,49.487672,49.937392
290.256164,339.031304,48.970880,49.150768
291.514560,338.424616,47.914382,47.986337
295.042809,339.006831,46.666753,47.520565
296.666624,339.239718,45.366701,46.509226
298.316649,339.745387,45.647680,46.104690
300.176160,339.947655,46.585102,45.141876
302.707449,340.429062,46.960071,44.756750
303.519965,340.621625,47.110058,44.602700
305.444971,340.698650,46.345023,44.541080
308.827488,340.729460,46.864039,44.516432
309.567980,340.741784,47.921427,44.506573
310.039287,340.746714,48.344382,44.502629
311.827809,340.748685,49.388838,43.723382
312.305581,340.138309,48.931346,44.189353
314.534327,339.905324,47.898568,44.375741
317.050716,339.812129,48.335238,44.450296
318.832381,339.774852,49.385181,44.480119
321.307410,339.759941,50.706690,43.714378
321.646655,340.142811,52.163872,43.408081
320.918064,340.295959,53.703181,42.530543
323.148409,340.734728,53.362469,42.179528
325.318766,340.910236,53.226184,42.794141
327.386908,340.602929,53.171670,43.817657
329.414165,340.091172,52.221286,44.227063
331.889357,339.886469,50.939600,44.390825
334.530200,339.804587,50.426925,45.257330
336.786537,339.371335,49.346581,45.603932
339.326710,339.198034,49.789718,45.742573
340.105141,339.128714,50.868505,44.997029
340.565748,339.501485,52.228598,43.921142
341.885701,339.039429,52.772636,43.490787
342.613682,339.254607,52.990251,44.096315
342.504875,338.951843,52.148718,44.338526
345.925641,338.830737,51.812105,45.236410
348.093948,338.381795,52.606038,45.595564
349.696981,338.202218,52.923612,45.739226
352.538194,337.130387,54.007077,45.796690
351.996462,336.101655,53.484027,45.819676
352.257986,336.090162,54.231243,45.828870
352.884378,336.085565,53.573694,45.832548
355.213153,336.083726,54.267110,45.834019
353.866445,336.082990,53.588040,46.659638
357.205980,335.670181,54.272848,46.164855
356.863576,334.917572,55.531900,45.966942
360.234050,334.016529,55.050392,45.086777
360.474804,334.456612,53.901353,44.734711
364.049323,334.632645,52.513159,44.593884
368.743420,334.703058,51.957881,44.537554
371.021059,334.731223,50.834238,44.515021
372.582881,334.742489,49.509506,44.506009
375.245247,334.746996,49.854888,43.724734
375.072556,335.137633,50.894573,42.657204
374.552714,335.671398,50.408914,42.985212
376.795543,335.507394,49.339377,42.361395
380.330312,335.819302,48.061781,42.866888
381.969110,335.566556,47.550742,43.069085
385.224629,335.465457,46.521297,42.394945
387.739352,335.802528,46.934549,42.125289
389.532726,335.937356,46.274820,41.284398
390.862590,336.357801,46.010928,40.948041
393.994536,336.525979,45.905371,40.813499
396.047314,336.593251,45.062148,40.759682
398.468926,336.620159,44.724859,41.471184
399.637570,336.264408,43.812274,41.022756
401.093863,336.488622,42.692220,40.131706
402.653890,335.934147,42.999218,39.084337
402.500391,336.457831,43.899687,37.994565
405.050156,336.002718,43.482205,36.907369
407.258897,336.546315,43.315212,37.123777
407.342394,336.438111,42.493396,36.559054
410.753302,336.720473,42.164669,36.333165
412.917665,336.833417,41.300150,35.610493
415.349925,337.194754,40.242664,34.707524
417.878668,337.646238,39.128720,34.346336
419.435640,336.826832,39.374092,34.201861
423.312954,336.899069,40.183919,34.144071
423.908040,335.927964,41.240878,34.120955
423.379561,335.939522,40.930634,34.111709
425.534683,336.944146,40.806536,34.721910
424.596732,337.639045,41.489925,34.352091
423.255037,337.823955,41.030252,34.818063
424.484874,337.590969,40.134705,34.390552
425.932647,337.804724,39.776486,34.219548
427.111757,337.890226,39.633199,34.151146
429.183401,337.924427,40.287562,34.123785
429.856219,337.938107,39.837629,34.112841
431.081186,337.943580,40.369334,34.108463
432.815333,337.945768,40.582016,34.106712
431.708992,337.946644,41.400117,34.106012
430.299941,337.946994,42.482377,34.105731
427.758812,337.947134,43.692951,34.105619
401.153525,336.947190,44.177180,34.105574
395.911410,336.947213,45.171872,34.105557
386.414064,336.947222,46.394779,34.719449
372.802611,336.640275,46.058912,35.597323
375.970544,334.201338,45.924565,35.948473
380.037718,330.025764,45.870826,36.088932
370.064587,328.955534,45.849330,36.796403
364.075335,328.601799,45.840732,37.079391
362.079634,339.460305,45.837293,37.863411
382.081354,361.068295,46.660947,38.177019
372.669526,362.911491,46.990409,38.993412
363.504796,363.503294,47.122194,40.031647
355.438903,350.984177,46.349877,39.735263
357.825061,348.132369,45.239951,40.328387
357.380025,348.835806,44.018310,41.298666
352.990845,347.350667,44.307324,40.953749
349.846338,348.523126,43.645260,41.548810
349.177370,350.225595,43.380434,41.786835
351.309783,353.106583,43.274504,41.149016
343.362748,352.425492,42.477112,41.626917
345.761444,353.186541,41.425127,42.573097
344.287436,353.713451,40.292655,43.729239
345.853672,347.135381,39.148717,44.191696
343.425642,346.904152,38.691141,45.177678
343.654429,345.411161,39.199061,45.572071
342.400470,345.213964,39.199061,45.572071
336.400470,346.213964,39.199061,45.572071
330.400470,347.213964,39.199061,45.572071
328.400470,347.213964,39.199061,45.572071
327.400470,347.213964,39.199061,45.572071
325.400470,346.213964,39.199061,45.572071
327.400470,347.213964,39.199061,45.572071
328.400470,345.213964,39.199061,45.572071
326.400470,344.213964,39.199061,45.572071
325.400470,344.213964,38.711279,46.554859
327.644361,342.722571,39.207116,47.797754
326.396442,343.101123,40.117129,48.294913
328.941436,342.852544,39.769456,49.369050
330.115272,342.315475,38.939437,49.798705
318.530282,342.100647,38.607429,50.872100
316.696285,341.563950,37.803801,52.230036
319.098099,339.884982,36.831064,52.773211
320.584468,339.613395,37.093255,52.061902
322.453372,339.969049,36.546845,51.777379
322.726577,341.111311,35.695965,52.592148
321.152018,341.703926,34.741713,53.874491
313.629144,351.062754,34.360012,55.372558
314.819994,344.313721,34.207331,55.971784
308.896334,344.014108,34.146259,57.226158
311.926870,340.386921,34.121830,57.727907
311.939085,340.136046,34.725959,56.913924
314.637021,341.543038,35.599927,56.588331
313.200037,343.705835,35.317197,55.472965
315.341401,346.263518,35.204105,54.070382
317.397947,346.964809,35.158869,54.465785
330.420566,339.767107,34.526874,55.609075
329.736563,337.195462,34.887976,56.066391
336.556012,336.966804,35.664734,55.264189
334.167633,339.367906,36.626723,55.928437
334.686638,343.035782,36.360233,57.208819
333.819884,344.395591,35.621320,58.766095
333.189340,342.616953,35.958071,58.343882
328.020964,341.828059,36.744058,58.174997
329.627971,342.912502,36.407167,59.152566
329.796417,344.423717,36.923696,59.543594
327.538152,344.228203,36.479022,60.776482
324.760489,344.611759,35.668835,61.269637
322.165582,344.365181,34.730861,62.575671
319.634570,334.712165,34.969571,61.989313
317.515215,335.005344,35.697372,60.678292
316.151314,335.660854,36.639778,59.108761
313.680111,336.445620,36.365455,57.466266
310.817273,339.266867,36.255725,55.824138
314.872137,344.087931,35.579517,56.152417
315.210242,347.923792,35.309033,56.283728
319.345483,350.858136,34.586940,57.350935
316.706530,351.324532,34.298103,58.822941
316.850949,354.588529,34.182568,59.411744
311.908716,356.294128,34.136354,59.647265
312.931823,357.176368,34.117868,60.817950
314.941066,347.591025,34.110474,62.394996
309.944763,339.802502,34.721416,61.917043
303.639292,339.041479,35.598110,61.725861
300.200945,338.137069,36.600074,61.649389
298.699963,338.175306,36.349573,61.618800
296.825214,338.190600,36.900659,60.530087
301.549671,339.734956,37.121093,61.171079
299.439453,341.414460,36.557981,60.350999
296.721010,341.824500,35.700419,61.099444
299.149791,341.450278,34.743494,62.507593
298.628253,342.746203,34.360724,63.070853
302.819638,343.464574,34.207617,64.438191
304.896192,342.780904,34.146373,63.843092
304.926813,343.078454,34.121876,64.747087
304.939062,343.626456,34.112077,65.108685
303.943961,342.445658,34.108158,66.429620
314.945921,342.785190,34.106590,68.169578
316.946705,342.915211,34.105963,70.113493
316.947019,340.943253,34.105712,70.891059
310.947144,339.554470,34.105611,72.487455
304.947194,340.756272,34.105571,71.840644
301.947214,345.079678,34.105555,72.867289
301.947222,347.566355,34.105549,74.601879
298.947226,348.699061,34.105546,76.659363
296.947227,351.670318,34.719445,76.118708
289.640277,349.940646,34.965005,77.266095
277.517498,327.366953,35.695545,76.361401
279.152227,315.819300,36.639048,74.675592
279.680476,315.662204,37.687274,72.715899
278.156363,315.642051,38.797514,70.684090
279.601243,315.657955,39.953288,69.871366
279.023356,316.064317,41.148626,68.334692
278.425687,315.832654,40.893733,67.720022
280.553134,315.139989,41.524804,66.297859
279.237598,314.851070,42.532252,64.586959
278.733874,315.706520,43.712901,62.793828
280.143550,316.603086,44.986160,61.000099
278.506920,316.499951,45.495464,60.282607
279.252268,316.858697,46.524216,58.950487
281.737892,317.524757,47.785497,57.402956
283.107251,319.298522,49.165284,55.798815
283.417358,320.100593,50.618731,54.200722
282.690634,320.899639,52.128689,53.561485
281.935656,321.219257,53.689108,53.305790
278.155446,321.347105,55.298404,52.274934
276.350798,321.862533,56.956806,51.862591
276.521597,322.068704,56.605483,50.796122
277.697258,322.601939,55.479826,50.369534
281.260087,322.815233,56.014691,49.323624
281.992654,323.338188,57.243321,48.055480
281.378340,323.972260,58.779896,47.548222
283.610052,324.225889,60.471003,46.520289
283.764499,324.739856,61.147445,46.934146
286.426277,325.532927,62.526794,47.099688
286.736603,325.450156,63.078533,47.165905
286.460733,325.417047,64.441263,46.367362
285.779368,325.816319,64.986356,46.872975
285.506822,326.563513,64.062358,47.075220
288.968821,326.462390,63.692759,48.005899
288.153621,325.997051,62.436148,48.378170
290.781926,325.810915,60.857026,47.677298
291.571487,325.161351,61.301855,47.396949
291.349073,325.301525,60.403309,46.459780
292.798345,325.770110,58.998768,46.909942
296.500616,325.545029,57.422268,47.090007
298.288866,325.454997,55.806540,47.162033
300.096730,325.418984,54.203812,47.190843
305.898094,325.404578,53.562721,47.202367
308.218639,325.398816,52.377706,48.056758
311.811147,324.971621,51.903700,49.273788
315.048150,324.363106,50.812565,48.885326
318.593717,323.557337,51.277644,47.880160
317.361178,323.059920,50.562143,47.478094
319.718929,323.260953,49.400668,47.317268
321.299666,323.341366,48.936078,47.252937
321.531961,323.373531,48.750242,46.402175
322.624879,322.798913,49.551182,46.061870
323.224409,322.969065,50.773091,45.124748
323.613455,323.437626,51.261854,44.749899
324.369073,323.625050,50.555827,45.400960
325.722087,323.299520,51.174949,45.661384
326.412526,323.169308,52.351176,45.765554
328.824412,323.117223,51.893088,45.006221
331.053456,323.496889,52.638432,43.924819
330.680784,324.037591,52.936569,43.492258
333.531716,324.253871,53.055824,43.319233
334.472088,324.340383,53.103526,43.250023
335.448237,324.374988,52.194028,44.000009
336.902986,323.999995,52.758808,43.522334
339.620596,323.238833,53.941155,43.331264
339.029422,323.334368,55.399223,43.254836
338.300388,323.372582,56.997133,42.469245
337.501433,323.765378,57.636297,42.155009
338.181851,323.922496,58.937086,41.296286
340.531457,324.351857,60.533879,40.241119
339.733061,324.879441,62.281367,39.819052
337.859316,325.090474,62.980363,39.650225
337.509819,325.174888,62.151189,38.891744
339.924405,325.554128,61.819520,39.279302
342.090240,325.360349,60.610375,40.146003
346.694812,324.926998,60.126717,39.781005
348.936641,325.109497,59.933254,40.346684
350.033373,324.826658,59.855869,40.572956
351.072065,324.713522,58.779792,40.663465
350.610104,324.668268,58.349361,40.699668
350.825320,324.650166,57.162505,40.002471
352.418747,323.998764,56.687763,40.435271
353.656118,323.782365,55.512738,41.341419
355.243631,323.329290,54.086291,42.458898
357.956854,322.770551,52.587134,42.905889
360.706433,322.547055,51.085939,42.329666
362.457031,321.835167,51.386993,42.099177
365.306503,321.950411,52.435994,42.006982
363.782003,320.996509,53.812030,41.237075
365.093985,321.381463,55.347573,40.929112
363.326213,321.535444,55.961790,40.805927
365.019105,321.597036,57.222160,40.044975
365.388920,321.977512,56.711625,40.452272
367.644187,322.773864,55.522282,41.348220
369.238859,322.325890,55.046545,42.461618
368.476727,321.769191,55.841379,42.151958
371.079310,321.924021,55.174184,42.783113
373.412908,321.608443,54.907306,43.813245
374.546347,321.093377,53.844119,44.225298
373.077941,319.887351,52.490265,44.390119
371.754867,320.804940,51.948724,44.456048
373.025638,321.771976,50.830575,44.482419
375.584713,322.758790,49.508041,43.715298
377.245980,323.142351,49.854302,42.653430
377.072849,323.673285,50.894338,41.495654
381.552831,324.252173,51.310353,41.032544
381.344823,324.483728,50.575226,40.847300
379.712387,324.576350,49.405901,41.506231
374.297049,324.246885,49.813446,41.769803
364.093277,324.115098,50.877996,41.142204
362.561002,340.428898,51.303816,41.624192
358.348092,345.187904,50.572612,41.083959
352.713694,345.458020,50.280130,41.600894
347.859935,345.199553,49.287863,42.562688
343.356069,344.718656,48.890956,42.947405
335.554522,344.526297,49.607468,42.346273
337.196266,347.826864,49.018798,42.860839
323.490601,346.569580,47.933549,43.844336
321.033225,344.077832,48.349231,44.237734
320.825385,343.881133,47.665722,45.196094
324.167139,345.401953,47.665722,45.196094
319.167139,345.401953,47.665722,45.196094
339.167139,342.401953,46.567289,45.579437
342.716356,337.210281,45.326916,46.557805
341.336542,336.721098,44.053096,47.798933
343.973452,337.100534,42.788549,49.170658
342.605725,337.414671,41.549702,50.620881
340.225149,337.689559,40.342485,52.129549
335.828758,338.935226,39.859598,53.689452
338.070201,339.155274,38.975494,55.298542
340.512253,339.350729,37.951027,55.942178
348.024486,343.028911,36.889954,56.199632
348.555023,345.900184,35.833208,57.317297
350.083396,347.341352,34.796610,58.809486
356.601695,354.595257,34.381971,59.406362
355.809015,357.296819,34.216115,59.645112
356.891942,349.177444,34.149773,59.740612
348.925114,349.129694,34.123236,58.733689
348.938382,350.633156,34.112621,59.376043
342.943689,351.311979,34.108375,59.632984
343.945812,353.183508,34.106677,60.812238
345.946662,357.593881,34.105997,62.392711
348.947001,357.803645,34.105726,64.166935
346.947137,357.916533,34.105617,63.734589
349.947191,344.132705,34.105574,63.561651
350.947213,343.219174,34.105556,63.492476
352.947222,343.253762,34.105549,62.356035
358.947225,338.821983,34.105546,63.010230
360.947227,339.494885,34.105545,64.413942
362.947227,341.793029,34.105545,66.151722
364.947228,343.924139,34.105545,66.846835
365.947228,339.576583,34.105545,65.948584
363.947228,339.025708,34.105545,66.765579
366.947228,336.617210,34.105545,67.092377
367.947228,335.453811,34.719444,66.046801
374.640278,334.976599,35.597321,64.486536
382.201339,333.756732,36.599758,62.753659
384.700121,334.623171,36.349447,60.984031
382.825277,335.507985,35.617005,60.276180
385.191497,336.861910,35.956345,58.947916
383.021827,338.526042,36.743368,58.416610
383.628316,338.791695,37.058177,57.189405
385.470912,339.405297,37.854925,57.713206
382.072537,340.143397,37.502800,57.922726
388.248600,342.038637,37.361950,59.051658
390.319025,344.474171,36.654323,60.579708
393.672838,348.710146,35.738956,60.114450
399.130522,350.942775,35.372809,61.004824
401.313596,346.497588,34.612450,60.284497
398.693775,346.857751,34.308307,61.072843
395.845847,351.463578,34.186650,62.496953
396.906675,348.751524,34.137987,63.066597
390.931007,360.466702,34.118521,64.436489
393.940739,363.781756,34.110735,66.160741
392.944632,364.919629,34.107621,68.062027
403.946190,350.968987,34.720275,67.610956
413.639863,347.194522,34.351437,67.430528
416.824282,344.284736,34.817801,68.569941
417.591099,343.715029,34.390447,70.273638
418.804776,346.863181,34.219506,72.240487
417.890247,346.879756,34.151129,73.027227
417.924435,348.486387,34.123778,73.341922
418.938111,352.329039,34.112838,74.791732
418.943581,354.604134,34.108462,75.371655
418.945769,357.314172,34.720611,75.603625
412.639694,355.198188,35.597788,74.372482
406.201106,356.813759,35.316342,75.203955
406.341829,355.398022,34.589863,74.212614
407.705068,354.893693,34.299272,75.140008
405.850364,355.429996,34.183036,74.187035
401.908482,356.906482,34.136541,73.805846
395.931730,357.097077,34.731843,72.368000
388.634079,355.816000,34.969964,71.792862
387.515018,355.103569,35.697529,72.848177
386.151236,353.575912,35.356238,74.594233
390.321881,349.702883,34.605822,76.656305
392.697089,345.671848,34.305656,78.885692
390.847172,347.557154,34.799489,81.224142
387.600256,349.387929,35.629339,80.712827
383.185331,347.643587,35.961279,80.508301
387.019361,348.745850,36.745341,80.426490
384.627329,345.786755,37.729791,81.840461
391.135104,344.079769,38.123571,82.406050
389.938215,342.796975,37.610258,81.185590
392.194871,339.407205,36.753647,82.144101
396.623177,339.927950,36.411002,84.017601
398.794499,340.991199,35.641627,86.301800
398.179186,339.849100,35.966194,85.680681
396.016903,338.159659,36.747307,85.432233
395.626346,337.283883,37.730577,83.842758
394.134711,339.078621,38.814835,83.206968
391.592582,340.396516,38.557589,82.952652
387.721206,345.523674,39.145640,81.404231
389.427180,349.297885,38.689910,79.380304
387.655045,349.309848,38.507619,78.570733
391.746191,349.714633,37.763877,76.883256
392.118061,347.558372,36.815094,77.571914
389.592453,347.214043,35.803264,79.251936
389.098368,346.374032,34.784632,79.923944
389.607684,345.038028,34.991080,80.192748
389.504460,346.903626,34.459759,81.746964
387.770121,345.126518,34.247230,83.858747
386.876385,342.070627,34.162219,84.703460
380.918891,342.648270,34.128214,86.576144
377.935893,343.711928,34.114612,88.906060
370.942694,341.546970,34.723072,89.838027
367.638464,337.080987,35.598772,88.629971
363.200614,313.685015,36.600338,86.611949
363.699831,299.694025,37.671790,84.314645
365.164105,299.842678,38.791320,81.949028
362.604340,298.025486,39.950810,79.598223
362.024595,297.200889,41.147635,77.294252
363.426183,297.352874,42.381384,75.048733
364.809308,297.475634,43.652554,74.150525
366.173723,297.924738,44.962021,72.505872
365.518989,299.747064,45.485809,73.133381
367.257096,300.433310,45.695323,73.384384
366.152338,300.307808,46.604159,73.484785
364.697920,299.257607,46.967694,73.524946
367.516153,297.237527,47.962888,72.255640
377.018556,296.872180,49.236241,71.747918
382.381880,297.126041,50.647114,70.296897
384.676443,296.851551,52.140042,69.716489
384.929979,297.141756,53.693649,68.272741
386.153176,296.863629,53.358656,66.518947
385.320672,297.740527,53.224659,64.675394
384.387671,298.662303,54.127496,62.829202
381.936252,299.585399,55.473759,61.014248
378.263120,300.492876,56.012265,60.288267
371.993868,301.855867,55.242538,61.074351
374.378731,303.462825,53.978212,62.497556
378.010894,304.751222,52.543902,63.066838
381.728049,307.466581,52.898757,62.185780
388.550621,309.907110,53.997135,60.756879
390.001432,312.621560,55.421615,61.261796
389.289192,313.369102,57.006090,61.463763
386.496955,313.268119,58.685003,60.468072
385.657498,312.765964,59.356569,60.069796
382.321716,311.965102,60.701672,58.865363
381.649164,311.567319,62.348484,58.383589
380.825758,311.808205,63.007209,58.190880
379.496395,311.904560,62.161928,57.099113
378.919036,311.450443,62.932587,55.677277
378.533707,312.161361,64.382885,54.152107
376.808558,312.923946,66.139300,52.613461
376.930350,313.693270,65.665570,51.998002
379.167215,314.000999,66.652374,50.850286
382.673813,314.574857,65.870800,51.292732
387.064600,315.353634,65.558170,51.469711
390.220915,315.265145,66.609414,51.540502
389.695293,315.229749,65.853616,51.568819
393.073192,316.215591,64.409262,52.508724
393.795369,316.745638,62.722749,52.884686
395.638625,317.557657,60.971667,53.035071
395.514167,317.482465,61.347711,53.095225
395.326144,317.452388,60.421652,53.119286
396.789174,317.440357,59.006105,52.200332
398.496948,317.899834,57.425203,51.832751
399.287398,317.083625,55.807713,51.685718
400.096143,316.157141,54.204282,51.626905
402.897859,316.186547,54.519345,50.701847
402.740328,316.649076,55.630499,49.456550
391.184750,316.271725,57.089644,48.108650
370.455178,315.945675,57.089644,48.108650
363.455178,345.945675,57.673301,48.419271
353.163349,348.790365,57.906765,49.418794
352.046618,350.290603,56.985467,50.720135
346.507266,353.639932,55.631819,52.169250
342.184090,355.915375,54.133924,53.705332
340.933038,357.147334,52.606187,55.304894
342.696906,359.347553,51.093560,56.959402
345.453220,361.520299,49.613235,56.606522
344.193383,365.696739,48.171324,57.480053
336.914338,357.259974,46.769530,58.874588
331.615235,356.562706,45.407812,58.387279
331.296094,355.806360,44.085455,59.237479
327.957273,356.381260,43.556512,60.654036
324.221744,355.672982,42.589916,62.329430
327.705042,357.835285,41.470249,64.141622
331.264876,358.929189,40.310704,66.042795
339.844648,358.978603,39.155936,68.014848
342.422032,360.992576,38.694029,70.051601
348.652986,355.974199,37.838441,72.151672
347.080779,358.924164,37.496206,74.315632
347.251897,362.842184,38.030137,76.544864
338.984931,380.727568,37.572884,78.841116
337.213558,382.579442,38.060808,79.759616
336.969596,382.120192,38.946928,78.722458
335.526536,381.638771,39.301375,76.943946
335.349312,381.528027,40.154832,77.596190
338.922584,380.201905,39.784537,76.493439
341.107731,376.753281,40.348097,77.415987
345.825951,371.292006,39.861843,79.189565
347.069078,366.405218,38.976392,78.494438
347.511804,361.752781,37.951386,79.620945
346.024307,357.189528,36.890098,81.518243
350.554951,350.240878,35.833266,80.830467
357.083367,355.584766,36.042850,80.555357
355.978575,355.722322,35.494366,81.892008
356.252817,355.053996,35.274973,83.916764
358.362513,356.041618,34.573316,86.261466
363.713342,354.869267,34.292653,88.780189
368.853673,356.609906,34.794288,88.206835
371.602856,358.896582,34.994942,89.558337
367.502529,361.220832,35.075203,88.518095
364.462398,361.740953,35.107308,88.101998
371.446346,356.949001,34.506250,89.516402
372.746875,353.241799,34.265827,88.501321
372.867087,356.749340,34.783557,86.560489
374.608221,359.719755,35.622966,84.294061
374.188517,361.852970,35.326413,84.877585
372.336793,360.561207,35.840109,85.110995
373.079946,362.444502,36.045587,86.739158
375.977207,367.630421,36.127778,88.971266
378.936111,368.514367,36.811941,89.864109
374.594030,365.067946,36.434320,90.221246
373.782840,360.889377,36.283271,88.783258
373.858364,356.608371,35.590535,89.788906
372.204732,353.105547,35.313441,88.610322
372.343280,352.694839,35.834920,89.719732
373.082540,353.140134,36.043511,88.582652
370.978244,350.708674,36.126948,89.708664
365.936526,351.145668,36.160322,91.787336
364.919839,349.106332,36.173672,92.618805
366.913164,348.690597,35.546695,94.628509
367.226652,341.685746,34.682005,97.159820
365.658998,337.420090,34.336129,99.951597
364.831936,339.024202,34.197778,99.289055
360.901111,341.355472,34.142438,100.803291
359.928781,342.598354,34.120302,103.241615
359.939849,347.379192,34.111448,104.216945
357.944276,349.891527,34.721806,104.607077
356.639097,353.696461,35.598266,102.930500
354.200867,354.534750,36.600136,100.480616
351.699932,355.759692,37.671709,97.773233
351.164146,359.113383,38.791288,96.690280
350.604356,362.654860,39.950797,94.579983
353.024601,367.710009,41.147630,93.735864
359.426185,361.132068,41.626363,91.769948
362.186819,361.115026,41.817856,92.611850
362.091072,361.694075,41.161425,92.948611
369.419288,364.525695,40.898852,91.455047
377.550574,367.272477,41.526852,90.857621
379.236574,371.571189,41.778051,89.037808
384.110974,374.481096,42.633551,88.309883
381.683225,373.845058,42.975750,88.018713
386.512125,372.990643,43.890300,86.367446
383.054850,373.816277,45.057120,85.706940
380.471440,375.146530,46.348878,83.952641
381.825561,382.023680,46.040551,84.741017
382.979724,365.629491,45.116220,86.591167
384.441890,369.704417,43.968818,85.796428
383.015591,376.101786,42.754838,83.988436
387.622581,378.005782,43.024265,84.755335
385.487867,374.622332,43.132036,83.571999
389.433982,377.214000,43.952814,81.651970
391.023593,382.174015,44.281126,79.479399
382.859437,382.260300,45.213450,77.246723
382.393275,388.376639,46.411410,76.353652
380.794295,390.823174,46.065564,77.360072
383.967218,393.319964,45.927226,77.762641
381.036387,398.118680,45.871890,77.923668
380.064055,393.038166,45.849756,77.988079
381.075122,403.005961,45.840902,79.418401
379.079549,400.290799,45.036361,81.437226
376.481820,397.281387,43.936874,83.734851
380.031563,394.132574,42.742061,86.188700
381.628970,388.905650,41.531107,85.635441
376.234447,398.182279,40.335047,83.924042
375.832477,393.037979,40.568301,81.792787
371.715849,386.103607,40.661603,82.386980
371.669199,388.806510,41.431952,81.177962
367.284024,393.411019,41.007063,79.289796
364.496468,393.355102,41.570136,77.170881
365.214932,400.414559,41.062337,77.686964
363.468832,394.156518,41.592245,77.893397
362.203877,393.053301,41.804209,76.612322
363.097896,393.693839,41.888994,76.099891
365.055503,395.950054,42.677928,75.894919
365.661036,396.052540,43.771171,75.812930
369.114414,396.093535,45.009468,75.780135
376.495266,395.109933,45.504787,75.767017
378.247606,395.116492,45.702915,75.761769
377.148543,396.119115,46.607196,75.759671
374.696402,398.120165,46.143878,77.122480
372.928061,395.438760,46.783581,76.303955
373.608209,397.848023,46.214433,75.976545
374.892784,395.011728,45.986773,74.521650
372.006613,397.739175,45.895709,73.939692
369.052145,399.030154,46.684314,72.421539
366.657843,400.789231,46.174725,73.099647
366.912637,400.450176,45.169890,74.694822
367.415055,398.652589,45.568956,74.008960
365.215522,396.995520,45.728582,72.449246
367.135709,401.775377,45.792433,73.110730
365.103784,401.444635,45.817973,74.699255
366.091013,399.650373,45.828189,76.698314
364.085905,397.650843,45.031276,77.497937
366.484362,397.251031,43.934840,77.817786
366.032580,396.091107,43.496266,79.350285
367.251867,394.324858,43.320837,81.409979
365.339582,389.295011,43.250665,82.233857
364.374668,388.883072,43.222596,82.563408
363.388702,388.718296,43.989038,82.695228
366.005481,387.652386,43.517945,81.301261
366.241027,391.349369,42.574489,82.190370
373.712756,389.904815,42.952126,81.099318
377.523937,390.450341,43.880850,79.258339
386.059575,395.370831,43.474670,78.521947
385.262665,395.739026,43.312198,79.631949
384.343901,394.184026,42.492190,80.075949
383.753905,391.962025,41.431158,81.700245
386.284421,388.149878,40.295068,80.903268
386.852466,392.548366,40.552309,79.179919
384.723845,396.410041,40.655206,78.490579
383.672397,392.754710,41.429393,78.214843
381.285303,391.892578,41.006040,76.740900
382.496980,395.629550,41.569727,74.827392
382.215137,397.586304,42.550221,72.776619
381.724890,400.611691,43.720088,70.708377
