992.500000,112.500000,36.000000,74.000000
993.000000,112.000000,47.400000,61.638835
986.300000,119.180583,47.400000,61.638835
986.300000,118.180583,50.998835,57.655534
986.500583,120.172233,51.505199,57.052214
986.247401,120.473893,50.801754,57.830585
986.599123,120.084707,49.640774,59.192225
987.179613,119.403887,48.322400,60.818681
988.838800,118.590660,46.965940,62.583517
991.517030,118.708242,46.965940,62.583517
993.517030,118.708242,46.965940,62.583517
994.517030,117.708242,46.965940,62.583517
997.517030,117.708242,46.965940,62.583517
998.517030,115.708242,46.965940,62.583517
1005.517030,114.708242,46.965940,62.583517
1005.517030,113.708242,46.965940,62.583517
1005.517030,111.708242,46.965940,62.583517
1006.517030,111.708242,46.965940,62.583517
1007.517030,111.708242,46.965940,62.583517
1009.517030,111.708242,46.965940,62.583517
1010.517030,111.708242,46.965940,62.583517
1011.517030,110.708242,46.965940,62.583517
1012.517030,110.708242,46.965940,62.583517
1013.517030,110.708242,46.965940,62.583517
1014.517030,110.708242,46.965940,62.583517
1015.517030,110.708242,46.965940,62.583517
1015.517030,110.708242,45.618396,64.437132
1018.190802,110.781434,45.618396,64.437132
1019.190802,110.781434,44.297863,66.360691
1019.851068,108.819655,43.010897,68.347689
1022.494551,107.826156,43.254864,70.396591
1022.372568,107.801705,42.593698,71.216151
1029.703151,107.391924,41.592578,70.289873
1029.203711,106.855063,40.476933,69.919362
1029.761533,107.040319,40.745873,71.025260
1029.627064,107.487370,40.853448,70.213517
1030.573276,107.893242,40.181281,69.888819
1031.909359,108.055590,39.218049,69.758940
1032.390976,108.120530,39.527122,68.489414
1032.236439,107.755293,39.650751,66.799491
1032.174625,107.600254,40.415399,66.123522
1031.792300,107.938239,41.457912,67.035246
1031.271044,108.482377,42.633670,67.399936
1031.683165,108.300032,43.103973,66.363700
1031.448014,108.818150,44.073609,67.131318
1030.963196,108.434341,45.266424,68.655940
1031.366788,108.672030,45.743550,68.048213
1031.128225,107.975893,45.129440,66.623011
1031.435280,108.688494,44.102281,66.052930
1031.948860,108.973535,44.472932,67.007010
1031.763534,108.496495,45.426153,66.206530
1032.286923,108.896735,46.636551,67.068449
1032.681724,109.465775,46.291601,67.413217
1032.854200,109.293391,45.348660,68.768700
1033.325670,108.615650,45.776445,68.093317
1033.111778,107.953341,46.776668,67.823165
1032.611666,108.088418,48.030740,67.715103
1031.984630,108.142448,48.532368,67.671879
1031.733816,109.164061,49.612622,68.872164
1031.193689,109.563918,49.165121,69.352278
1030.417439,109.323861,48.132138,68.326749
1030.933931,109.836626,46.889836,67.916537
1031.555082,110.041731,45.587954,67.752452
1032.206023,110.123774,45.872162,68.904394
1032.063919,108.547803,45.985845,69.365170
1033.007077,108.317415,45.226358,69.549481
1033.386821,108.225260,44.141048,70.877307
1033.929476,108.561346,43.706924,71.408438
1034.146538,108.295781,44.314789,72.912616
1033.842605,108.543692,45.362896,73.514287
1033.318552,108.242857,45.362896,73.514287
1032.318552,108.242857,45.362896,73.514287
1032.318552,108.242857,46.611248,72.463230
1032.694376,108.768385,47.964572,70.788705
1032.017714,110.605648,48.505901,68.901319
1031.747049,112.549340,47.868450,66.964254
1032.065775,113.517873,46.784361,66.189427
1032.607820,114.905286,47.179834,67.061608
1033.410083,115.469196,46.508914,68.628056
1033.745543,115.685972,45.435586,69.254635
1034.282207,115.372682,44.224739,70.759369
1034.887631,115.620315,42.981648,72.652988
1035.509176,114.673506,42.484411,74.740913
1036.757794,113.629544,41.548864,75.576083
1037.225568,113.211959,41.911298,75.910151
1037.044351,114.044925,42.815024,74.713301
1037.592488,115.643350,42.815024,74.713301
1037.592488,116.643350,43.958029,72.942835
1030.020985,124.528582,45.220192,70.980547
1030.389904,124.509727,46.554167,68.978056
1030.722917,124.510972,47.941739,68.177060
1031.029130,124.911470,47.642786,69.074237
1031.178607,125.462882,46.694095,70.687210
1029.652953,124.656395,46.314618,72.624124
1026.842691,122.687938,46.991937,73.398890
1025.504031,121.300555,48.116847,72.417071
1020.941576,121.791464,47.712829,72.024344
1020.143586,124.987828,48.405204,71.867252
1019.797398,125.066374,47.828172,70.550314
1019.085914,125.724843,48.451341,68.805963
1017.774329,126.597018,47.846626,66.926111
1017.076687,127.536945,47.604740,66.174170
1017.197630,127.912915,46.678877,65.873394
1017.660562,128.063303,45.503571,66.935195
1018.248215,127.532402,45.033448,66.177804
1018.483276,127.911098,44.063884,65.874847
1018.968058,128.062576,43.676058,66.935776
1019.161971,127.532112,43.520928,68.577723
1019.239536,126.711138,43.458876,70.488604
1019.270562,126.755698,44.215570,72.544682
1018.892215,125.727659,43.736733,72.075388
1018.131634,124.962306,43.545198,70.633568
1018.227401,125.683216,44.250099,71.310942
1017.874950,125.344529,44.532059,72.873617
1017.733970,125.563191,43.863329,74.829165
1018.068336,125.585418,42.837084,74.280906
1017.581458,126.859547,43.185338,72.769878
1017.407331,127.615061,44.106155,72.165466
1016.946922,128.917267,45.279443,73.215427
1017.360279,129.392287,46.577867,74.965889
1016.711067,129.517056,47.951219,77.036465
1016.024390,129.481768,48.500560,76.494304
1015.749720,128.752848,47.866314,76.277439
1016.066843,128.861280,46.783506,76.190693
1016.608247,128.904653,47.179492,77.526387
1017.410254,128.236807,46.508777,76.690272
1017.745611,128.654864,46.240491,76.355827
1017.879754,128.822087,46.133177,76.222048
1017.933411,128.888976,46.090251,76.168537
1017.954874,128.915731,45.268120,74.816655
1018.365940,129.591672,44.157753,72.984177
1018.921124,129.507911,42.954853,72.251186
1019.522573,129.874407,41.737041,71.957989
1020.131480,130.021005,40.534718,71.840711
1020.732641,130.079645,40.053789,73.085525
1020.973105,130.457238,39.167052,73.583450
1020.416474,130.208275,38.138215,72.490895
1020.930893,130.754552,38.400822,73.345599
1020.799589,130.327201,38.505865,73.687480
1020.747068,130.156260,38.547882,73.824233
1020.726059,130.087884,38.564689,73.878934
1020.717656,130.060533,39.265778,75.231291
1020.367111,129.384354,39.546213,77.142626
1020.226893,129.428687,39.658387,77.907160
1020.170806,129.046420,40.418454,78.212973
1019.790773,128.893513,40.007284,78.335299
1018.996358,128.832351,39.148450,77.013837
1019.425775,128.493081,38.804916,75.154775
1019.597542,129.422612,39.361868,74.411151
1019.319066,129.794425,39.584650,72.821975
1019.207675,131.589012,40.388959,73.478031
1018.805521,132.260985,40.710683,73.740453
1018.644659,132.129774,40.124175,72.553696
1018.937912,132.723152,40.604769,72.078994
1018.697615,133.960503,40.081810,71.889112
1018.959095,136.055444,40.587823,71.813160
1018.706088,137.093420,41.526881,71.782779
1018.236559,137.108610,42.661257,71.770627
1017.669371,138.114687,42.356255,70.511663
1017.821872,138.744168,42.993007,71.262180
1017.503497,139.368910,42.488955,70.308285
1017.755523,139.845858,43.046087,71.180829
1017.476957,140.409585,42.510187,70.275744
1017.744907,140.862128,43.054579,69.913710
1017.472710,142.043145,44.053852,71.022999
1017.973074,142.488500,43.672045,70.212612
1018.163977,143.893694,43.519323,68.670883
1018.240339,144.664559,43.458234,68.054191
1018.270883,145.972905,44.215313,67.807514
1017.892343,147.096243,43.736630,68.926418
1018.131685,147.536791,42.786404,69.373980
1018.606798,147.313010,42.406314,69.553005
1018.796843,148.223498,41.517625,69.624615
1019.241188,149.187693,41.898802,70.907361
1019.050599,149.546320,42.810026,72.712185
1018.594987,149.643908,43.956030,74.764592
1018.021985,149.617704,45.219393,75.585554
1017.390304,150.207223,44.919777,75.913939
1017.540112,151.043030,44.018415,77.415685
1016.990792,151.292157,42.899118,78.016383
1017.550441,151.991808,42.451400,79.668166
1017.774300,152.165917,43.031065,80.328879
1017.484468,153.835561,42.504178,79.181661
1016.747911,155.409170,43.052176,78.722774
1016.473912,156.638613,44.052890,77.168827
1015.973555,157.415586,45.258137,77.917640
1016.370932,158.041180,46.569345,79.628669
1015.715328,157.185666,46.264718,78.901577
1014.867641,157.549212,46.971977,78.610740
1014.514011,157.694630,46.425771,79.905909
1014.787114,158.047046,45.402328,79.012473
1015.298836,158.493764,45.797912,77.284707
1015.101044,159.357647,46.785255,75.263123
1015.607373,160.368438,48.034174,74.454490
1014.982913,161.772755,47.679760,72.839311
1015.160120,162.580345,47.537994,72.193239
1017.231003,163.903380,46.652178,70.680708
1018.673911,164.659646,45.492891,71.329798
1020.253554,165.335101,45.834137,72.881160
1021.082932,164.559420,46.799745,74.832182
1021.600128,164.583909,46.356878,75.612590
1023.821561,164.193705,47.008841,74.594277
1024.495579,164.702862,48.123609,74.186951
1026.938195,165.906524,49.449118,74.024021
1027.275441,166.987990,50.885312,75.289326
1027.557344,167.355337,52.392960,74.464971
1027.803520,168.767515,53.957184,72.843503
1028.021408,170.578248,55.572874,70.940814
1028.213563,174.529593,56.219149,71.433841
1027.890425,175.283080,56.477660,71.631051
1028.761170,176.184474,57.600764,71.709936
1030.199618,176.145032,59.100297,70.487387
1031.449852,177.756307,60.781909,69.998367
1035.609045,179.000816,62.568808,71.056862
1036.715596,179.471569,64.431249,70.226158
1038.784375,180.886921,66.358337,68.676301
1039.820831,182.661850,68.346748,66.874246
1040.826626,184.562877,70.396214,65.005743
1042.801893,186.497129,72.507726,63.144088
1043.746137,188.427956,74.682808,62.399426
1044.658596,190.800287,76.923233,62.101561
1046.538384,196.949219,79.230906,63.096669
1047.384547,196.451666,81.607823,64.642393
1050.196088,196.678803,81.104742,66.442795
1056.447629,195.778603,79.492006,68.380531
1061.253997,195.809735,77.476520,67.938050
1065.261740,196.030975,75.339849,68.978633
1069.330076,195.510684,74.485180,70.648968
1072.757410,195.675516,74.143312,72.608828
1077.928344,194.695586,75.337043,73.392772
1080.331479,194.303614,77.184926,75.036826
1082.407537,194.481587,77.924080,74.363971
1086.037960,197.818014,79.631244,72.803103
1090.184378,205.598448,78.902607,70.924654
1097.548696,208.537673,78.611152,71.427377
1099.694424,210.286312,77.124179,72.920191
1105.437911,209.539904,75.198912,73.517317
1110.400544,210.241342,73.137080,75.086645
1125.431460,209.456678,71.058245,74.383898
1134.470878,209.808051,71.480813,75.433277
1135.259594,218.283361,72.941566,77.223420
1138.529217,218.388290,74.856344,79.350981
1140.571828,218.324510,76.992647,80.202005
1143.503677,218.898998,76.476776,79.130911
1150.761612,219.434544,77.640820,80.113977
1153.179590,219.943011,76.736046,80.507203
1156.631977,220.746398,76.374136,79.252991
1167.812932,221.373505,74.898895,77.380914
1169.550553,222.309543,75.639276,75.301606
1173.180362,225.349197,77.305820,73.178158
1174.347090,229.410921,79.383940,73.620504
1178.308030,231.189748,80.215189,73.797442
1180.892406,235.101279,79.136185,75.198695
1183.431908,235.400653,78.704583,77.129587
1187.647708,236.435206,79.943446,79.313447
1190.028277,237.343276,80.438991,81.640840
1193.780505,237.179580,79.225706,84.069261
1200.387147,234.965370,77.370000,85.040629
1203.315000,235.479685,77.998109,86.971564
1208.000945,234.514218,79.660856,89.332598
1217.169572,235.333701,78.914452,91.913330
1221.542774,244.043335,80.027393,92.945623
1222.986303,242.527188,80.472570,91.722221
1232.763715,244.138889,80.650640,92.869179
1232.674680,244.565410,79.310365,95.013372
1233.344817,244.493314,77.403864,94.185640
1239.298068,244.907180,75.310786,95.539956
1241.344607,244.230022,75.804032,97.817653
1243.097984,243.091174,77.371722,100.516782
1243.314139,242.741609,79.410301,103.438125
1244.294849,241.280937,81.679581,102.764971
1245.160209,240.617515,84.084757,100.707659
1244.957621,241.646170,86.589215,98.148763
1245.705392,242.925618,89.179658,95.439796
1246.410171,245.280102,91.852154,92.719890
1246.073923,247.640055,94.606561,90.043269
1245.696719,248.978366,94.022916,87.430232
1245.988542,251.284884,92.153138,86.385018
1250.923431,253.807491,91.405227,87.509320
1252.297386,254.245340,91.106063,89.547700
1253.446969,254.226150,90.986397,90.363052
1255.506802,254.818474,89.349871,89.100533
1258.325064,255.449733,87.152873,87.053138
1261.423563,256.473431,84.776610,84.736716
1265.611695,257.631642,83.826105,82.356299
1268.086947,258.821851,84.943367,82.857981
1272.528317,259.571010,86.932659,81.604805
1284.533670,262.197598,87.728376,82.557383
1284.135812,262.721309,89.635322,84.435878
1284.182339,262.782061,92.034420,86.729664
1283.982790,262.635168,94.679468,89.235837
1283.660266,262.382081,97.473458,88.649647
1284.263271,261.675176,100.379104,90.003831
1284.810448,259.998085,101.541362,90.545504
1287.229319,259.727248,100.218216,92.398493
1290.890892,258.800754,97.952986,94.825097
1294.023507,257.587452,97.046894,94.110330
1297.476553,256.944835,98.420428,92.188104
1298.789786,257.905948,97.233871,89.830554
1301.383064,259.084723,98.495219,88.887534
1303.752390,259.556233,100.787809,90.098986
1306.606096,258.950507,99.916794,92.219885
1311.041603,257.890057,99.568388,94.753654
1313.215806,256.623173,97.693055,95.767161
1317.153472,255.116419,96.942922,94.487156
1320.528539,255.756422,98.378839,93.975153
1322.810580,256.012423,97.217236,92.134033
1325.391382,257.932983,95.067185,91.397585
1329.466407,258.301207,92.570846,91.103006
1332.714577,258.448497,89.983651,90.985174
1338.008175,260.507413,88.948773,92.574361
1340.525614,259.712820,90.123481,91.573716
1342.938259,259.213142,92.229683,89.584799
1344.885158,260.207601,91.435845,87.246844
1352.282077,260.376578,92.754629,84.814199
1353.622685,261.592901,94.967551,82.387292
1356.516224,261.806354,97.588691,81.416529
1358.205654,263.291735,100.425197,79.616721
1361.787401,265.191639,103.401491,80.308301
1363.299254,264.845850,104.592009,82.038781
1364.703995,263.980609,105.068216,84.228437
1369.465892,262.885781,107.155641,83.606836
1371.422179,262.196582,107.990611,81.904347
1374.004694,262.047827,108.324599,81.223351
1376.837700,262.388324,106.561252,79.539450
1379.719374,264.230275,104.014222,80.277392
1383.992889,263.861304,101.207359,79.161066
1399.396320,264.419467,98.348644,77.344144
1400.825678,266.327928,97.205157,75.286898
1403.397421,269.356551,98.483734,73.172274
1405.758133,270.413863,98.995164,71.072322
1408.502418,272.463839,100.987787,69.014767
1411.506107,273.492617,99.996785,67.009632
1416.001607,275.495184,97.864414,65.059897
1419.067793,276.470051,98.747436,65.427685
1421.626282,276.286158,99.100645,66.756911
1425.449677,274.621544,97.505958,67.288602
1430.247021,274.355699,95.182674,66.319167
1436.408663,273.840417,94.253361,67.113504
1438.873320,274.443248,95.567044,68.648814
1441.216478,274.675593,97.828488,69.262938
1451.085756,275.368531,100.521116,68.291013
1457.739442,276.854494,103.439859,66.720131
1460.280071,277.639935,106.504298,64.944097
1462.747851,278.527952,107.730074,63.119429
1466.134963,279.440285,108.220385,61.307763
1469.889808,281.346119,108.416509,60.583096
1472.791746,282.708452,110.448809,59.242938
1480.775596,287.378531,109.307878,58.706875
1484.346061,287.646562,110.805357,57.472750
1486.597322,290.263625,113.416814,55.989100
1489.291593,291.005450,112.448931,55.395640
1492.775534,292.302180,110.107927,56.148256
1495.946036,292.925872,107.274583,57.469002
1503.362708,291.265499,108.038188,59.047592
1506.980906,290.476204,110.297481,59.679028
1510.851260,290.160486,109.247347,59.931602
1515.376326,290.034199,106.930351,61.114432
1521.534824,290.442784,104.161861,60.505764
1525.919069,294.747118,101.266415,60.262296
1539.366792,295.868852,98.372266,61.246709
1542.813867,296.376645,98.950577,62.754728
1545.524711,296.622636,99.181902,63.357936
1548.409049,296.321032,97.538460,62.484965
1553.230770,296.757517,95.195675,62.135777
1559.402162,295.932112,92.622242,60.914302
1571.688879,295.542849,93.229188,60.425712
1573.385406,295.787144,95.157375,61.312075
1585.421313,301.343962,97.664621,60.584821
1587.167690,302.707589,100.455569,59.243628
1588.772215,303.378186,99.783898,57.687451
1592.108051,304.156274,99.515230,58.084681
1595.242385,303.957660,97.671792,59.293863
1598.164104,303.353068,96.934416,60.859336
1603.532792,301.570332,94.954058,62.599779
1608.522971,300.700111,94.161914,62.181702
1617.919043,299.909149,92.208737,63.128725
1619.895631,299.435637,89.838807,63.507535
1625.080596,300.246233,87.348448,63.659058
1630.325776,300.170471,84.854840,64.867349
1633.572580,300.566325,82.403549,64.202984
1637.798226,300.898508,80.011529,62.822984
1646.994236,299.588508,77.684329,61.189185
1649.157835,299.405408,75.422972,59.485374
1653.288514,299.257313,75.848907,59.854141
1656.075547,299.072930,74.688803,58.951356
1658.655598,299.524322,72.933036,57.570542
1661.533482,300.214729,73.522455,57.018217
1663.238772,301.490892,75.088700,56.797287
1664.455650,301.601357,75.715198,55.718915
1666.142401,302.140543,74.635320,55.287566
1668.682340,302.356217,74.203368,56.105026
1670.898316,300.947487,72.738862,56.432011
1674.630569,298.783995,73.444785,55.572804
1677.277607,298.213598,73.727155,55.229122
1679.136423,297.385439,72.548377,55.091649
1681.725812,296.454176,73.368591,56.026659
1684.315704,295.986670,75.027154,56.400664
1686.486423,295.799668,77.060971,56.550266
1687.469515,295.724867,76.504106,57.629806
1689.747947,295.185097,77.651752,58.061622
1691.174124,294.969189,76.740418,57.214649
1693.629791,294.392676,77.746277,55.885860
1695.126862,294.057070,78.148620,54.393179
1697.925690,293.803411,78.309557,52.862937
1698.845221,294.568532,78.373932,51.344849
1700.813034,295.327575,77.029291,49.858012
1702.485355,296.070994,76.491434,48.409295
1706.754283,297.795353,76.276291,48.683791
1708.861854,296.658105,76.190234,48.793589
1709.904883,296.603206,74.825334,47.983525
1712.587333,295.008237,75.609851,48.513483
1714.195074,293.743259,77.294050,48.725466
1715.352975,293.637267,77.967729,48.810259
1717.016135,293.594871,79.648704,48.844176
1718.175648,293.577912,80.321094,48.857743
1718.839453,293.571128,79.178547,48.009187
1721.410727,294.995406,77.351137,46.840655
1723.324432,295.579672,75.289695,45.568282
1726.355152,296.215859,74.465119,45.864293
1727.767441,296.067853,74.135288,45.982698
1728.932356,297.008651,72.711630,46.859169
1730.644185,296.570416,72.142167,47.209757
1732.928916,295.395121,71.914382,46.520883
1736.042809,294.739558,73.114993,45.440373
1737.442503,295.279813,73.595238,44.226654
1738.202381,296.886673,75.117813,42.982414
1738.441094,297.508793,75.726843,41.748065
1739.136579,298.125968,74.639978,40.539128
1740.680011,298.730436,75.535709,40.770750
1742.232146,298.614625,75.894001,41.600052
1743.052999,298.199974,74.706841,41.195120
1746.646579,297.402440,75.562454,41.769800
1747.218773,297.115100,77.275091,42.758425
1748.362455,296.620788,77.960146,43.153875
1749.019927,296.423063,78.234168,42.553302
1749.882916,296.723349,78.343776,41.576420
1750.828112,297.211790,79.799123,41.922320
1751.100438,298.038840,81.835110,42.819433
1751.082445,297.590284,81.195657,42.419525
1752.402172,297.790237,79.528372,41.522909
1755.235814,298.238545,78.861458,40.449066
1756.569271,299.775467,77.224301,39.325162
1758.387850,300.337419,75.238961,39.569967
1760.380520,300.215016,74.444825,38.973523
1761.777588,300.513239,72.835445,38.060803
1763.582277,301.969598,70.937591,37.695716
1765.531205,303.152142,68.960874,37.549680
1767.519563,303.225160,68.170187,37.491266
1768.914906,304.254367,69.071488,37.467901
1772.464256,305.266050,68.214433,38.132696
1773.892784,304.933652,66.689499,39.092981
1775.655251,304.453510,64.931844,40.192291
1778.534078,303.903854,63.114528,41.368669
1780.442736,304.315666,61.305802,42.597972
1781.347099,303.701014,60.582312,43.871209
1782.708844,303.064396,59.242625,45.185464
1783.378688,302.407268,58.706750,44.906205
1784.646625,302.546897,58.492400,45.599463
1785.753800,303.200269,59.456951,46.705875
1786.271525,302.647063,59.842771,48.002423
1786.078614,301.998789,59.997100,47.667059
1787.001450,301.166471,61.140631,46.703804
1787.429685,301.648098,60.516243,45.513541
1788.741878,302.243229,61.348288,45.037436
1789.325856,302.481282,62.795360,44.846994
1789.602320,302.576503,64.521870,43.989303
1789.739065,303.005349,66.394585,42.887473
1789.802707,303.556263,68.361247,41.710088
1788.819377,304.144956,70.402014,41.239135
1788.798993,304.380433,71.218321,40.335556
1788.390840,304.832222,70.290741,39.974125
1788.854630,305.012938,69.919709,40.544749
1789.040145,304.727626,69.771296,41.509652
1789.114352,305.245174,70.966034,41.895613
1788.516983,305.052194,70.189826,41.313344
1788.905087,305.343328,68.661768,41.080437
1789.669116,305.459782,69.268120,40.272077
1790.365940,306.863962,69.510661,39.254367
1791.244670,306.372817,68.390102,39.541649
1791.804949,307.229176,66.759767,39.656562
1792.620117,307.171719,66.107632,39.702527
1792.946184,307.148737,67.028891,40.436110
1793.485555,306.781945,67.397394,40.014346
1794.301303,306.992827,67.544795,40.560838
1794.227602,306.719581,68.821331,40.779434
1794.589335,306.610283,69.331945,40.866873
1794.334028,306.566564,69.536191,40.186651
1795.231905,306.906674,68.400314,40.629760
1795.799843,306.685120,66.763851,41.543656
1796.618074,306.228172,67.291378,42.667967
1797.354311,306.666016,66.320277,43.117692
1797.839861,307.441154,65.931837,43.297581
1798.034082,307.351209,64.628779,42.610785
1798.685610,308.694608,62.993302,43.094819
1798.503349,308.452591,62.339112,44.069947
1798.830444,308.965026,63.191689,43.678484
1799.404155,309.160758,64.680401,42.763146
1798.659799,309.618427,66.457998,41.660357
1798.771001,310.169821,68.386612,40.504045
1797.806694,311.747977,70.412160,39.347154
1796.793920,314.326423,72.514104,38.210256
1795.742948,315.894872,74.685360,37.755497
1795.657320,315.122252,76.924253,37.573593
1795.537873,314.213204,79.231314,37.500831
1794.384343,315.249584,81.607986,37.471727
1794.196007,313.264137,81.104807,37.460085
1794.447596,313.269958,79.492032,37.455428
1795.253984,313.272286,77.476531,37.453565
1796.261735,315.273217,75.339853,37.452820
1797.330074,315.273590,74.485182,37.452522
1798.757409,316.273739,74.143313,37.452403
1799.928343,316.273798,75.337043,38.126497
1800.331478,315.936751,74.484058,37.721993
1800.757971,317.139003,75.473341,38.234333
1801.263330,316.882833,77.239446,39.133635
1801.380277,316.433182,77.945888,39.493356
1802.027056,317.253322,78.228464,38.942879
1801.885768,317.528561,76.971103,38.722687
1803.514448,318.638656,75.137682,39.328977
1805.431159,318.335511,73.112588,40.286690
1807.443706,318.856655,71.048448,41.406428
1809.475776,319.296786,69.005217,42.613076
1811.497392,318.693462,68.187924,43.877250
1812.906038,318.061375,66.678895,45.187881
1813.660552,318.406060,66.075284,45.712133
1814.962358,318.143934,64.686158,45.116873
1815.656921,318.441564,63.016254,44.878769
1816.491873,318.560615,61.266493,44.002012
1818.366754,318.998994,60.566588,42.892557
1818.716706,319.553721,59.236335,41.712122
1820.381832,320.143939,57.684534,41.239948
1821.157733,320.380026,58.083514,40.335881
1820.958243,320.832059,59.293396,39.279889
1821.353302,320.360056,58.727059,38.857491
1821.636471,320.571254,57.480823,38.688533
1822.259588,320.655734,56.982329,39.315315
1822.508835,320.342342,55.792932,39.566028
1823.103534,320.216986,56.307173,40.381510
1822.846414,319.809245,56.512869,40.707703
1822.743565,319.646148,56.595148,40.122983
1822.702426,319.938508,55.638059,39.194729
1823.180970,320.402635,54.294059,38.149286
1823.852971,320.925357,54.717623,38.405250
1823.641188,320.797375,55.877049,38.507636
1823.061475,320.746182,56.340820,38.548591
1822.829590,319.725705,55.536328,38.564972
1822.231836,319.717514,56.204531,39.265891
1821.897734,319.367054,56.471812,40.261456
1820.764094,318.869272,57.598425,39.944484
1820.200788,319.027758,59.099361,39.817696
1819.450320,319.091152,60.781535,39.072614
1817.609232,319.463693,62.568659,38.100440
1816.715671,318.949780,64.431189,38.385712
1814.784405,318.807144,64.028520,37.825679
1813.985740,317.087160,63.867453,37.601666
1813.066274,317.199167,64.950707,37.512061
1812.524647,316.243970,65.384009,37.476218
1812.307996,314.261891,66.739441,37.461882
1811.630280,313.269059,68.499189,37.456147
1809.750405,312.271927,67.985513,37.453853
1808.007243,311.273074,68.997618,38.127077
1806.501191,310.936461,68.184885,39.090733
1804.907558,311.454633,66.677680,40.191392
1803.661160,310.904304,64.927116,41.368309
1803.536442,310.315845,63.112637,42.597828
1803.443681,309.701086,61.305046,43.871151
1803.347477,308.064424,61.663809,45.185441
1802.168095,307.407280,62.921568,46.540266
1798.539216,306.729867,62.310418,46.253087
1796.844791,306.873457,62.065958,45.333255
1795.967021,306.333373,63.082428,44.183807
1795.458786,306.908097,64.636697,42.965275
1793.681652,306.517363,64.110723,42.477862
1792.944638,306.761069,62.786080,42.282897
1792.606960,306.858551,61.174423,42.204911
1792.412788,305.897545,61.611560,42.932469
1791.194220,305.533765,62.900668,44.005008
1789.549666,304.997496,64.563993,44.434023
1788.718003,303.782989,65.229323,44.605629
1787.385338,302.697185,65.495455,45.479232
1786.252272,302.260384,65.601908,45.023713
1785.199046,301.488144,66.826601,44.059990
1784.586700,300.970005,68.534053,42.915748
1782.732974,301.542126,69.217034,41.721398
1781.391483,302.139301,68.272651,41.243659
1780.863674,301.378171,66.712786,41.052563
1779.643607,301.473719,66.088840,41.712777
1778.955580,300.143611,64.691581,42.735616
1778.654210,299.632192,63.018423,43.926266
1778.490789,299.036867,61.267360,44.402526
1778.366320,298.798737,59.516644,44.593030
1778.241678,298.703485,57.796658,43.887717
1779.101671,300.056142,57.108663,43.605591
1779.445668,300.197204,55.843465,44.274256
1780.078267,300.862872,55.337386,44.541722
1780.331307,300.729139,55.134954,43.867194
1780.432523,302.066403,55.053982,43.597382
1780.473009,302.201309,54.060428,43.489458
1780.969786,302.255271,53.663006,42.687535
1781.168497,303.656232,54.465202,42.366766
1781.767399,302.816617,54.786081,41.501806
1781.606960,304.249097,55.904432,41.155821
1781.047784,305.422089,57.371473,40.302231
1781.314264,304.848885,59.008580,39.266428
1781.495710,305.366786,59.663423,38.852107
1781.168288,305.573946,61.007160,39.380745
1781.496420,304.309627,60.462855,38.897834
1781.768573,305.551083,59.194842,39.399036
1781.402579,306.300482,59.737928,40.314713
1781.131036,305.842643,59.955162,41.417638
1781.022419,307.291181,58.991765,41.858807
1781.504118,308.070596,59.656697,41.298622
1782.171652,308.350689,61.004470,41.074548
1782.497765,308.462726,62.657832,40.269721
1782.671084,308.865139,64.466859,39.253425
1782.766571,309.373288,64.042788,38.846906
1781.978606,309.576547,62.758906,38.684298
1782.620547,310.657851,61.163553,37.945114
1783.418223,311.027443,61.607212,38.323581
1783.196394,310.838209,62.898929,39.169335
1782.550535,310.415333,64.563297,39.507636
1781.718351,310.246182,66.411157,39.642957
1781.794422,310.178522,67.150300,39.002719
1781.424850,310.498641,68.663533,39.440990
1781.668234,310.279505,68.051251,40.331495
1780.974375,310.834252,66.624226,40.687697
1780.687887,310.656151,66.053416,41.566831
1780.973292,310.216584,65.825092,41.181832
1781.087454,310.409084,66.915874,41.027832
1780.542063,310.486084,67.352187,40.966232
1780.323906,310.516884,68.744288,40.941592
1780.627856,310.529204,69.301128,41.668389
1780.349436,310.165806,68.306289,42.717860
1779.846856,309.641070,67.908353,43.137649
1780.045823,310.431176,68.966754,44.087079
1779.516623,309.956460,70.644217,44.466852
1779.677892,309.766574,70.061099,44.618761
1778.969450,309.690620,69.827852,43.898009
1779.086074,310.050996,68.516979,42.850956
1779.741511,309.574522,67.992629,42.432134
1780.003686,309.783933,67.782889,42.264606
1780.108555,309.867697,68.916568,42.956347
1779.541716,309.521826,69.370040,43.233044
1779.314980,309.383478,68.333854,44.125237
1779.833073,308.937381,67.919379,45.287075
1780.040311,308.356462,66.571477,45.751811
1780.714261,308.124095,64.884635,45.132744
1781.557682,308.433628,65.357580,44.103602
1781.321210,308.948199,65.546758,42.933193
1781.226621,309.533403,64.474748,41.728376
1781.762626,310.135812,64.045943,41.983103
1781.977028,310.008449,62.760168,42.084993
1782.619916,309.957503,63.360112,42.884502
1782.319944,309.557749,64.747770,43.985821
1782.626115,309.007090,65.302834,45.231309
1782.348583,308.384346,64.377178,46.558613
1781.811411,307.720693,65.154597,46.260426
1781.422701,307.869787,64.317883,45.336190
1781.841058,308.331905,65.130879,44.184981
1781.434560,307.907510,65.456077,44.506012
1781.271961,307.746994,64.438475,44.634425
1780.780762,307.682788,65.179116,45.490750
1780.410442,307.254625,64.327691,46.662390
1780.836155,306.668805,62.872867,46.301936
1781.563566,306.849032,61.209138,45.352794
1781.395431,306.323603,59.493355,45.778098
1781.253322,306.110951,58.807042,46.777329
1781.596479,305.611335,59.582808,46.347912
1781.208596,304.826044,58.842823,47.005255
1781.578588,304.497373,59.597120,46.439082
1781.201440,303.780459,60.980639,45.407653
1781.509681,302.296174,62.648300,44.995081
1780.675850,302.502459,64.463046,44.830052
1779.768477,301.584974,66.371056,43.982526
1778.814472,302.008737,67.134260,42.884762
1777.432870,303.557619,68.657117,42.445657
1775.671442,304.777171,68.048684,42.270015
1774.975658,304.864992,67.805311,41.463105
1774.097344,305.268447,68.925537,40.425144
1772.537231,304.787428,70.627730,39.315594
1771.686135,306.342203,72.600332,38.197632
1770.699834,307.901184,74.719851,37.750447
1769.640075,308.124777,76.938050,37.571573
1768.530975,309.214214,79.236832,37.500023
1767.381584,309.249988,81.610194,37.471404
1766.194903,309.264298,84.057002,37.459956
1765.971499,309.270022,86.578113,37.455376
1765.710943,310.272312,86.044170,37.453545
1764.977915,310.273228,84.333129,37.452812
1764.833436,311.273594,82.194864,37.452519
1765.902568,311.273740,82.793407,37.452402
1766.603297,311.273799,84.530287,37.452355
1768.734856,312.273823,86.767427,37.452336
1769.616286,312.273832,89.250943,37.452329
1769.374529,312.273836,90.244349,37.452326
1769.877825,313.273837,89.053052,37.452324
1770.473474,314.273838,87.034146,38.126466
1772.482927,314.936767,84.729119,39.090488
1774.635440,314.454756,82.353260,40.191295
1776.823370,314.904353,79.991413,40.631617
1779.004293,314.684191,77.676283,41.544399
1781.161858,314.227801,76.750231,42.668264
1781.624885,314.665868,77.750202,43.117810
1782.124899,314.441095,78.150190,43.297629
1781.924905,314.351186,76.939794,44.151071
1782.530103,313.924464,76.455635,45.297409
1783.772182,313.351295,74.931495,46.585054
1784.534253,313.707473,75.652316,47.954094
1785.173842,313.022953,74.610167,47.647727
1785.694917,312.176136,74.193307,46.696071
1785.903346,312.651964,74.026563,46.315409
1785.986718,312.842295,73.959866,46.992254
1786.020067,312.503873,72.641461,46.433882
1786.679269,312.783059,70.859997,45.405573
1787.570001,312.297214,71.401514,44.212734
1788.299243,312.893633,72.909846,42.976846
1787.545077,313.511577,73.513179,41.745837
1787.243411,314.127081,75.084989,41.990087
1786.457505,314.004956,75.713713,42.846540
1786.143143,313.576730,75.965203,43.189121
1786.017398,313.405440,76.065799,43.326153
1784.967101,313.336924,77.476429,44.162481
1784.261786,312.918759,78.040681,44.497012
1783.979660,311.751494,76.895990,44.630825
1783.552005,311.684588,75.107637,43.902835
1783.446182,312.048583,73.100570,42.852886
1783.449715,311.573557,72.297743,41.696254
1782.851129,311.151873,73.268338,41.970254
1782.365831,310.014873,72.364850,42.838606
1781.817575,309.580697,70.749353,42.427195
1781.625324,309.786403,70.103154,43.021383
1780.948423,308.489309,68.627099,43.259058
1780.686450,308.370471,68.036677,44.135643
1779.981661,307.932179,66.618397,45.291238
1779.690802,304.354381,64.903403,46.582585
1779.548298,304.708708,63.103152,47.953107
1779.448424,304.023447,61.301252,47.647333
1779.349374,303.176334,59.530201,46.695913
1779.234900,302.652043,59.872071,47.144455
1779.063964,302.427772,61.090619,47.323872
1778.454690,302.338064,60.496239,48.249621
1777.751881,301.875189,60.258486,47.765938
1776.870757,302.117031,61.245185,47.572465
1775.377407,302.213767,62.754119,47.495076
1773.622941,302.252462,64.505373,48.318103
1771.747313,301.840949,66.387987,48.647314
1769.806007,301.676343,68.358607,47.925015
1767.820696,301.037492,69.146856,46.806987
1766.426572,300.596507,68.244580,46.359775
1764.877710,300.820112,66.701558,46.180891
1763.649221,300.909555,64.936668,46.109337
1762.531666,298.945332,64.230711,46.909825
1761.884644,297.545088,65.096010,46.400910
1761.451995,296.799545,66.624242,45.392384
1759.687879,296.303808,67.235534,44.207458
1758.382233,295.896271,67.480051,43.733488
1755.259974,296.133256,68.795433,44.325415
1753.602283,295.837292,70.575688,43.780671
1751.712156,296.109665,71.287790,43.562773
1749.356105,295.218613,72.864357,43.475614
1747.567822,294.262193,72.203258,43.440750
1745.898371,294.279625,73.230544,44.208320
1744.384728,292.895840,74.971935,45.320308
1742.514032,291.339846,75.668492,45.765104
1741.165754,291.117448,75.947114,45.138061
1740.026443,291.430969,77.428955,45.692205
1738.285522,291.153897,76.651300,46.742972
1737.674350,290.628514,75.009760,47.163279
1736.495120,290.418361,74.353145,48.185384
1735.823428,289.907308,74.090498,47.740244
1735.954751,290.129878,72.693714,48.416170
1735.653143,289.791915,72.135001,49.566143
1734.932500,290.216929,70.657413,49.146530
1734.671293,290.426735,70.066378,48.978684
